"ID","1","2","3","4","5","6","7","8","9","10","11","12","13","14","15","16","17","18","19","20","21","22","23","24","25","26","27","28","29","30","31","32","33","34","35","36","37","38","39","40","41","42","43","44","45","46","47","48","49","50","51","52","53","54","55","56","57","58","59","60","61","62","63","64","65","66","67","68","69","70","71","72","73","74","75","76","77","78","79","80","81","82","83","84","85","86","87","88","89","90","91","92","93","94","95","96","97","98","99","100"
"hsa00010.xml-1",0.174913693901036,0.217329545454545,0.235384615384615,0.234567901234568,0.242088607594937,0.294230769230769,0.150793650793651,0.330434782608696,0.14010989010989,0.161904761904762,0.219827586206897,0.277173913043478,0.235023041474654,0.182142857142857,0.263793103448276,0.23030303030303,0.308316430020284,0.1875,0.142857142857143,0.272727272727273,0.217329545454545,0.196153846153846,0.310344827586207,0.177156177156177,0.168131868131868,0.159663865546219,0.167763157894737,0.287593984962406,0.28125,0.226865671641791,0.253731343283582,0.207598371777476,0.151243781094527,0.283858998144712,0.225185185185185,0.173863636363636,0.166666666666667,0.228358208955224,0.190298507462687,0.235384615384615,0.151785714285714,0.149019607843137,0.195902688860435,0.194871794871795,0.224340175953079,0.217329545454545,0.160714285714286,0.164502164502164,0.220779220779221,0.198701298701299,0.146153846153846,0.242857142857143,0.20958904109589,0.183574879227053,0.151785714285714,0.223684210526316,0.147683397683398,0.186274509803922,0.289772727272727,0.237871674491393,0.158385093167702,0.154545454545455,0.160676532769556,0.157349896480331,0.196153846153846,0.198701298701299,0.225,0.166666666666667,0.183574879227053,0.156122448979592,0.1275,0.274193548387097,0.162393162393162,0.178403755868545,0.228017883755589,0.273214285714286,0.195902688860435,0.161904761904762,0.210743801652893,0.132467532467532,0.215909090909091,0.148727984344423,0.283333333333333,0.400313971742543,0.245192307692308,0.172297297297297,0.26984126984127,0.213986013986014,0.186274509803922,0.133333333333333,0.144761904761905,0.139705882352941,0.283333333333333,0.191919191919192,0.205405405405405,0.187654320987654,0.246376811594203,0.205645161290323,0.28544776119403,0.346153846153846
"hsa00010.xml-2",0.979708761040821,0.968720468720469,0.969656231995391,0.981220657276995,0.921513269339356,0.95625,0.972390572390572,0.994565820117556,0.993674089068826,0.955772113943028,0.90318772136954,0.927272727272727,0.967633928571428,0.982993197278912,0.97787610619469,1,0.915437561455261,0.929873772791024,0.821634062140391,0.907954545454545,0.945,0.967447306791569,0.940711462450593,0.88899950223992,0.959395559210526,1,0.936188811188811,0.944055944055944,0.969298245614035,0.962460425146992,0.930405405405405,0.983060747663551,0.967515364354697,0.970108695652174,0.982626262626263,0.95558639833449,0.982373678025852,0.95937840785169,0.968978102189781,0.90379746835443,0.933238636363636,0.965079365079365,0.933141542002301,0.987715862560085,0.944444444444444,1,0.942360728075014,0.943813418143268,0.974950560316414,0.923048510219158,0.98160469667319,0.966315789473684,0.959581881533101,0.955163043478261,0.949370503597122,0.968354430379747,0.957973626790627,0.939027665860865,0.971590909090909,0.993325917686318,0.916391639163916,0.970890410958904,0.922143579373104,0.942332436542286,0.978214539426948,0.957509881422925,0.955025608194622,0.960695239976299,1,0.980769230769231,0.966758241758242,0.962814645308924,1,0.797095603065752,0.960869565217391,0.957746478873239,0.938311688311688,0.930214115781126,0.966315789473684,0.965661103979461,0.954656862745098,0.961818961818962,0.920208500400962,0.96469104665826,0.904639175257732,0.924635620334163,0.96119733924612,1,0.95535858178888,0.897222222222222,0.964179104477612,0.894117647058823,0.907627118644068,1,0.973083078713808,0.968477531857813,0.95625,0.890753424657534,0.960090361445783,0.993407252022775
"hsa00010.xml-3",0.979708761040821,0.968720468720469,1,0.981220657276995,0.921513269339356,1,0.972390572390572,1,0.993674089068826,0.955772113943028,0.973404255319149,0.943150684931507,0.991258741258741,0.989224137931035,1,1,0.947214076246334,0.99498933901919,0.987494957644211,0.98972602739726,0.998239436619718,0.967447306791569,0.992790194664744,0.935606060606061,0.992790194664744,1,0.936188811188811,0.944055944055944,0.997056968677738,0.962460425146992,0.998121972916873,1,0.967515364354697,0.970108695652174,0.982626262626263,0.961094224924012,0.982373678025852,1,0.968978102189781,0.999172185430464,0.933238636363636,0.987012987012987,0.954325955734406,0.987715862560085,0.983876980428705,1,0.989224137931035,0.96570728720147,0.994152046783626,0.923328056984567,0.98160469667319,1,1,0.98320292123109,0.962937062937063,0.989120151371807,0.970319634703196,0.977355325691921,0.971590909090909,0.997105923210496,0.954710144927536,0.993506493506493,1,0.945273631840796,0.993157894736842,0.989792984473836,1,0.978960927436668,1,0.999183673469388,0.966758241758242,1,1,0.95689287238583,0.960945529290853,1,0.963031914893617,0.992585727525487,0.998239436619718,0.969290239450231,0.968269230769231,0.96222498962225,1,0.999093052784328,0.929178734934131,0.970580123195734,0.989120151371807,1,0.970360237118103,0.991911764705882,0.979416502595311,0.981172673480366,0.907627118644068,1,1,0.968477531857813,1,0.972065348931021,0.982222222222222,0.993407252022775
"hsa00010.xml-4",0.979708761040821,0.968720468720469,0.969656231995391,0.981220657276995,0.921513269339356,1,0.972390572390572,0.994565820117556,0.993674089068826,0.955772113943028,0.973404255319149,0.927272727272727,0.970108695652174,0.989224137931035,1,1,0.934426229508197,0.977459016393443,0.89639683624646,0.907954545454545,0.989671361502347,0.967447306791569,0.992790194664744,0.935606060606061,0.959395559210526,1,0.936188811188811,0.946061643835616,0.977982954545455,0.962460425146992,0.9945,1,0.967515364354697,0.970108695652174,0.986159169550173,0.95558639833449,0.982373678025852,0.97236805747444,0.968978102189781,0.999172185430464,0.933238636363636,0.965079365079365,0.933141542002301,0.987715862560085,0.944444444444444,1,0.946356275303644,0.96570728720147,0.974950560316414,0.923048510219158,0.98160469667319,1,0.998260113092649,0.98320292123109,0.949370503597122,0.974941875484371,0.957973626790627,0.977355325691921,0.971590909090909,0.997105923210496,0.954710144927536,0.970890410958904,0.922143579373104,0.942332436542286,0.993157894736842,0.957509881422925,0.960389610389611,0.963497267759563,1,0.993415637860082,0.966758241758242,1,1,0.883370756835293,0.960945529290853,0.957746478873239,0.963031914893617,0.986793611793612,0.983696900114811,0.965661103979461,0.968269230769231,0.961818961818962,0.973325892857143,0.974219599316664,0.929178734934131,0.967908902691511,0.989120151371807,1,0.970360237118103,0.998889300259163,0.964179104477612,0.915306915306915,0.907627118644068,1,0.980645161290323,0.968477531857813,1,0.972065348931021,0.982222222222222,0.993407252022775
"hsa00020.xml-1",0.680851063829787,0.780612244897959,0.894736842105263,0.888211382113821,0.814792899408284,0.608108108108108,0.678571428571428,0.777807702666307,0.684257602862254,0.547406082289803,0.74512987012987,0.628767123287671,0.608695652173913,0.782858970259034,0.554347826086956,0.786823529411765,0.738581146744412,0.607142857142857,0.467096336499322,0.588461538461538,0.551682692307692,0.791834387579068,0.607142857142857,0.472049689440994,0.612,0.5985935302391,0.739130434782609,0.776255707762557,0.73952738990333,0.613485280151947,0.626654064272212,0.634666666666667,0.43956043956044,0.81,0.625146886016451,0.6,0.611670020120724,0.662337662337662,0.724260355029586,0.708333333333333,0.612700228832952,0.565217391304348,0.566666666666667,0.716186252771619,0.807724367879967,0.724916387959866,0.538461538461538,0.529281418170307,0.571606475716065,0.443478260869565,0.626435089785105,0.794805194805195,0.840659340659341,0.589147286821705,0.662337662337662,0.643243243243243,0.749082007343941,0.703703703703704,0.593023255813953,0.671637669152168,0.455357142857143,0.777142857142857,0.74025974025974,0.557359874279728,0.615871190339276,0.631282820705176,0.496430889033095,0.715447154471545,0.717777777777778,0.495437150426847,0.65891472868217,0.794805194805195,0.909401709401709,0.462885420631899,0.694271128757799,0.597073170731707,0.612,0.391161431701972,0.672527472527473,0.56043956043956,0.714453584018801,0.55609756097561,0.612,0.781550480769231,0.654545454545455,0.585459183673469,0.695454545454545,0.688524590163934,0.631229235880399,0.645283018867924,0.57027417027417,0.487179487179487,0.586527929901424,0.557876905702993,0.578260869565217,0.781893004115226,0.576995600251414,0.632928847214562,0.68,0.593023255813953
"hsa00020.xml-2",0.979708761040821,0.985771812080537,1,0.981220657276995,0.921513269339356,1,1,1,0.993674089068826,1,0.984827586206897,0.979591836734694,0.991258741258741,0.989224137931035,1,1,0.998498498498498,1,0.919014084507042,0.974005305039788,0.999364964165835,0.99,0.995563442768412,0.988745482705214,0.97236805747444,1,0.966472303206997,0.944055944055944,0.999637023593467,1,0.998121972916873,1,1,1,0.993963782696177,0.9945,0.982373678025852,0.998136067101584,0.968978102189781,0.999172185430464,0.933238636363636,0.987012987012987,0.998896551724138,1,0.983876980428705,1,1,0.979020979020979,0.99170339642209,0.957746478873239,0.98160469667319,1,1,0.98320292123109,1,0.974941875484371,0.999731471535983,0.977355325691921,1,0.997105923210496,0.976595744680851,0.993506493506493,1,1,0.991253644314869,0.957509881422925,1,0.99525290554919,1,1,0.966758241758242,1,1,0.949450549450549,0.975235109717868,1,0.955503512880562,0.992585727525487,1,1,0.987350427350427,0.983011583011583,1,0.999093052784328,0.986926980304464,0.970580123195734,0.987676056338028,1,1,0.998889300259163,0.979416502595311,1,0.953956834532374,1,1,0.968477531857813,1,0.993674089068826,1,0.993407252022775
"hsa00020.xml-3",0.979708761040821,0.968720468720469,0.969656231995391,0.981220657276995,0.921513269339356,1,1,1,0.993674089068826,0.955772113943028,0.959677419354839,0.935687512329848,0.967633928571428,0.989224137931035,1,1,0.915437561455261,1,0.909574468085106,0.937998843262001,0.97781954887218,0.967447306791569,0.952785326086957,0.97841726618705,0.962814645308925,1,0.936188811188811,0.944055944055944,0.977982954545455,0.962460425146992,0.998121972916873,1,0.967515364354697,1,1,0.961094224924012,0.982373678025852,0.95937840785169,1,0.999172185430464,0.998322147651007,0.983874630933454,0.976901408450704,1,0.944444444444444,1,0.980357142857143,0.96570728720147,0.99170339642209,0.94511760513186,1,1,1,0.987350427350427,0.949370503597122,0.974941875484371,0.964047442550037,0.977355325691921,0.992177045805456,0.997105923210496,0.997448979591837,0.980092638218193,0.922143579373104,0.945273631840796,0.991253644314869,0.961789720202145,0.960389610389611,0.963497267759563,1,1,0.970319634703196,1,1,0.888624653190646,0.971484645578388,1,0.963031914893617,0.992585727525487,0.983696900114811,0.969290239450231,0.966814159292036,0.966613672496025,0.973325892857143,0.974219599316664,0.929178734934131,0.950120192307692,0.978260869565217,1,1,0.991911764705882,0.964179104477612,0.983257229832572,0.966388450259418,1,1,0.968477531857813,1,0.972065348931021,0.982222222222222,0.993407252022775
"hsa00030.xml-1",0.979708761040821,0.968720468720469,0.969656231995391,0.981220657276995,0.921513269339356,1,0.972390572390572,0.994565820117556,0.993674089068826,0.955772113943028,0.959677419354839,0.927272727272727,0.967633928571428,0.982993197278912,1,1,0.915437561455261,0.972457627118644,0.89639683624646,0.907954545454545,0.97781954887218,0.967447306791569,0.940711462450593,0.935606060606061,0.959395559210526,1,0.936188811188811,0.944055944055944,0.969298245614035,0.938271604938272,0.9945,0.983060747663551,0.967515364354697,0.970108695652174,0.982626262626263,0.95558639833449,0.982373678025852,0.971096572600332,0.968978102189781,0.999172185430464,0.933238636363636,0.965079365079365,0.933141542002301,0.987715862560085,0.944444444444444,1,0.948214285714286,0.96570728720147,0.974950560316414,0.923048510219158,0.98160469667319,0.99010989010989,0.959581881533101,0.98320292123109,0.949370503597122,0.974941875484371,0.957973626790627,0.977355325691921,0.971590909090909,0.993325917686318,0.944444444444444,0.970890410958904,0.922143579373104,0.942332436542286,0.990851151315789,0.957509881422925,0.960389610389611,0.963497267759563,1,0.993415637860082,0.966758241758242,1,1,0.883370756835293,0.960945529290853,0.957746478873239,0.955503512880562,0.948837209302326,0.983696900114811,0.965661103979461,0.954656862745098,0.961818961818962,0.968944099378882,0.96469104665826,0.921275646743979,0.924635620334163,0.96119733924612,1,0.970360237118103,0.985988583290088,0.964179104477612,0.915306915306915,0.900252171476604,1,0.980645161290323,0.968477531857813,0.990572467060427,0.972065348931021,0.982222222222222,0.993407252022775
"hsa00030.xml-2",0.979708761040821,0.968720468720469,0.969656231995391,0.981220657276995,0.921513269339356,1,0.972390572390572,0.994565820117556,0.993674089068826,0.955772113943028,0.959677419354839,0.927272727272727,0.967633928571428,0.982993197278912,0.97787610619469,1,0.915437561455261,0.972457627118644,0.89639683624646,0.907954545454545,0.97781954887218,0.967447306791569,0.940711462450593,0.88899950223992,0.959395559210526,1,0.936188811188811,0.944055944055944,0.969298245614035,0.962460425146992,0.9945,1,0.967515364354697,0.970108695652174,0.982626262626263,0.95558639833449,0.982373678025852,0.95937840785169,0.968978102189781,0.999172185430464,0.933238636363636,0.965079365079365,0.933141542002301,0.987715862560085,0.944444444444444,1,0.942360728075014,0.96570728720147,0.974950560316414,0.923048510219158,0.98160469667319,0.980769230769231,0.959581881533101,0.98320292123109,0.949370503597122,0.974941875484371,0.957973626790627,0.977355325691921,0.971590909090909,0.993325917686318,0.944444444444444,0.970890410958904,0.922143579373104,0.945273631840796,0.985683607730852,0.957509881422925,0.960389610389611,0.963497267759563,1,0.980769230769231,0.966758241758242,1,1,0.881869460112812,0.960945529290853,0.957746478873239,0.955503512880562,0.930214115781126,0.983696900114811,0.965661103979461,0.968269230769231,0.961818961818962,0.968944099378882,0.96469104665826,0.921275646743979,0.924635620334163,0.96119733924612,1,0.970360237118103,0.985988583290088,0.964179104477612,0.915306915306915,0.910714285714286,1,0.980645161290323,0.968477531857813,0.990572467060427,0.972065348931021,0.982222222222222,0.993407252022775
"hsa00030.xml-3",0.979708761040821,0.968720468720469,0.969656231995391,0.981220657276995,0.921513269339356,1,0.972390572390572,0.994565820117556,0.993674089068826,0.955772113943028,0.959677419354839,0.927272727272727,0.967633928571428,0.982993197278912,0.97787610619469,1,0.915437561455261,0.972457627118644,0.852842809364548,0.907954545454545,0.97781954887218,0.967447306791569,0.940711462450593,0.935606060606061,0.959395559210526,1,0.936188811188811,0.944055944055944,0.969298245614035,0.962460425146992,0.9945,0.983060747663551,0.967515364354697,0.970108695652174,0.982626262626263,0.95558639833449,0.982373678025852,0.95937840785169,0.968978102189781,0.999172185430464,0.933238636363636,0.965079365079365,0.933141542002301,0.987715862560085,0.944444444444444,1,0.942360728075014,0.943813418143268,0.970445344129555,0.923048510219158,0.98160469667319,0.966315789473684,0.959581881533101,0.961720974375198,0.949370503597122,0.974941875484371,0.957973626790627,0.939027665860865,0.971590909090909,0.993325917686318,0.916391639163916,0.970890410958904,0.922143579373104,0.942332436542286,0.978214539426948,0.957509881422925,0.960389610389611,0.960695239976299,1,0.980769230769231,0.966758241758242,1,1,0.883370756835293,0.960945529290853,0.957746478873239,0.938311688311688,0.930214115781126,0.966315789473684,0.965661103979461,0.954656862745098,0.961818961818962,0.968944099378882,0.96469104665826,0.904639175257732,0.924635620334163,0.96119733924612,1,0.970360237118103,0.941176470588235,0.964179104477612,0.874680306905371,0.907627118644068,1,0.980645161290323,0.968477531857813,0.990572467060427,0.972065348931021,0.982222222222222,0.993407252022775
"hsa00040.xml-1",0.660869565217391,0.82258064516129,0.894736842105263,0.904761904761905,0.682382924498248,0.597931034482759,0.633333333333333,0.839607201309329,0.731707317073171,0.586206896551724,0.635164835164835,0.902397260273973,0.592258064516129,0.932142857142857,0.63691026827012,0.774822695035461,0.851628968665698,0.814176245210728,0.645872420262664,0.838203067932798,0.807692307692308,0.593944099378882,0.72,0.454545454545455,0.532173913043478,0.595611285266458,0.854218362282879,0.857142857142857,0.697265625,0.603174603174603,0.764235764235764,0.867777383906416,0.745098039215686,0.82258064516129,0.853932584269663,0.6,0.537313432835821,0.854003139717425,0.927272727272727,0.636174636174636,0.659183673469388,0.763986013986014,0.657357679914071,0.677681615525833,0.806451612903226,1,0.721561969439728,0.647619047619048,0.707865168539326,0.65948275862069,0.681434599156118,0.721320062860136,0.811363636363636,0.650267379679144,0.872379674660406,0.826878039992794,0.823846153846154,0.563241106719368,0.655421686746988,0.715447154471545,0.514112903225806,0.749082007343941,0.760845383759733,0.581400908438919,0.721698113207547,0.745502248875562,0.771428571428571,0.605392156862745,0.646808510638298,0.783996846669294,0.511705685618729,0.809523809523809,0.506666666666667,0.511387163561077,0.667857142857143,0.772049144361562,0.796875,0.703448275862069,0.732558139534884,0.448351648351648,0.714453584018801,0.792698826597132,0.612,0.931034482758621,0.771428571428571,0.585459183673469,0.89047619047619,0.780293757649939,0.631229235880399,0.644796380090498,0.638655462184874,0.552727272727273,0.647727272727273,0.847933884297521,0.584880036215482,0.781856441430909,0.553618421052632,0.82258064516129,0.72289156626506,0.827524038461538
"hsa00051.xml-1",0.482539682539682,0.8466796875,0.969656231995391,0.562962962962963,0.682382924498248,0.594752186588921,0.838235294117647,0.623376623376623,0.794805194805195,0.927272727272727,0.891868259982512,0.927272727272727,0.618598382749326,0.518292682926829,0.683035714285714,0.775510204081633,0.851628968665698,0.886363636363636,0.708333333333333,0.590733590733591,0.551682692307692,0.951492537313433,0.653846153846154,0.760760760760761,0.813829787234042,0.529616724738676,0.936188811188811,0.607142857142857,0.39030612244898,0.603174603174603,0.715324675324675,0.933293978748524,0.868571428571429,0.735576923076923,0.603174603174603,0.413513513513514,0.807326007326007,0.695454545454545,0.847826086956522,0.827726120033812,0.576923076923077,0.904761904761905,0.737704918032787,0.738888888888889,0.684782608695652,0.62027027027027,0.618181818181818,0.896840502474305,0.571606475716065,0.781241601719968,0.617886178861789,0.575187969924812,0.802447552447552,0.637316561844864,0.68,0.826878039992794,0.934065934065934,0.760845383759733,0.684473684210526,0.715447154471545,0.712380952380952,0.970890410958904,0.922143579373104,0.620408163265306,0.705882352941176,0.632231404958678,0.679245283018868,0.742913000977517,0.955512572533849,0.840659340659341,0.85,0.71578947368421,0.94901144640999,0.648648648648649,0.836065573770492,0.490384615384615,0.80952380952381,0.819642857142857,0.836065573770492,0.627906976744186,0.745098039215686,0.868571428571429,0.772727272727273,0.787307032590051,0.514718250630782,0.585459183673469,0.695454545454545,0.593023255813953,0.868571428571429,0.493506493506494,0.638655462184874,0.69361147327249,0.367788461538462,0.48,0.860992039191672,0.506666666666667,0.566666666666667,0.842156386595435,0.751578947368421,0.852842809364549
"hsa00052.xml-1",0.979708761040821,0.968720468720469,0.969656231995391,0.981220657276995,0.921513269339356,0.973395026026605,0.921690921690922,0.973852813852814,0.993674089068826,0.927272727272727,0.959677419354839,0.927272727272727,0.967633928571428,0.982993197278912,0.95625,1,0.915437561455261,0.944444444444444,0.821634062140391,0.907954545454545,0.97781954887218,0.967447306791569,0.940711462450593,0.783644444444444,0.959395559210526,1,0.936188811188811,0.923696126111018,0.969298245614035,0.779487179487179,0.9945,0.983060747663551,0.896499238964992,0.970108695652174,0.982626262626263,0.95558639833449,0.982373678025852,0.95937840785169,0.968978102189781,0.945741758241758,0.89974182444062,0.965079365079365,0.900779220779221,0.947293447293447,0.944444444444444,1,0.932926829268293,0.896840502474305,0.906666666666667,0.844206426484908,0.868571428571429,0.934065934065934,0.959581881533101,0.928559307653148,0.949370503597122,0.974941875484371,0.950022716946842,0.931506849315068,0.971590909090909,0.993325917686318,0.847310126582279,0.970890410958904,0.922143579373104,0.88030888030888,0.978214539426948,0.957509881422925,0.955025608194622,0.963497267759563,1,0.980769230769231,0.966758241758242,1,1,0.881869460112812,0.960945529290853,0.957746478873239,0.938311688311688,0.827027027027027,0.966315789473684,0.904560810810811,0.911088911088911,0.961818961818962,0.920208500400962,0.96469104665826,0.898373983739837,0.924635620334163,0.96119733924612,1,0.792256142963515,0.941176470588235,0.964179104477612,0.827586206896552,0.7699189264747,1,0.980645161290323,0.942857142857143,0.969196373121351,0.972065348931021,0.982222222222222,0.993407252022775
"hsa00052.xml-2",0.979708761040821,0.968720468720469,0.969656231995391,0.981220657276995,0.921513269339356,1,0.972390572390572,0.994565820117556,0.993674089068826,0.955772113943028,0.973404255319149,0.927272727272727,0.967633928571428,0.982993197278912,1,1,0.947214076246334,0.972972972972973,0.89639683624646,0.916541865214432,0.97781954887218,0.967447306791569,0.983377659574468,0.935606060606061,0.959395559210526,1,0.936188811188811,0.952586206896552,0.977982954545455,0.962460425146992,0.9945,1,0.967515364354697,0.970108695652174,0.982626262626263,0.95558639833449,0.982373678025852,0.972663699936427,0.968978102189781,0.999172185430464,0.933238636363636,0.965079365079365,0.933141542002301,0.987715862560085,0.944444444444444,1,0.942360728075014,0.96570728720147,0.974950560316414,0.923048510219158,0.98160469667319,1,0.998260113092649,0.98320292123109,0.949370503597122,0.974941875484371,0.957973626790627,0.977355325691921,0.971590909090909,0.997105923210496,0.954710144927536,0.970890410958904,0.922143579373104,0.945273631840796,0.991253644314869,0.957509881422925,0.960389610389611,0.969807451293152,1,0.993415637860082,0.966758241758242,1,1,0.888624653190646,0.960945529290853,0.957746478873239,0.963031914893617,0.951211801896733,0.983696900114811,0.965661103979461,0.968269230769231,0.961818961818962,0.980151228733459,0.96469104665826,0.929178734934131,0.967908902691511,0.987676056338028,1,0.982788452782078,0.998889300259163,0.964179104477612,0.915306915306915,0.907627118644068,1,0.980645161290323,0.968477531857813,1,0.972065348931021,0.982222222222222,0.993407252022775
"hsa00052.xml-3",0.979708761040821,0.968720468720469,0.969656231995391,0.981220657276995,0.921513269339356,1,0.972390572390572,0.994565820117556,0.993674089068826,0.955772113943028,0.959677419354839,0.927272727272727,0.967633928571428,0.982993197278912,0.97787610619469,1,0.915437561455261,0.972457627118644,0.883116883116883,0.907954545454545,0.97781954887218,0.967447306791569,0.940711462450593,0.935606060606061,0.959395559210526,1,0.936188811188811,0.944055944055944,0.969298245614035,0.962460425146992,0.9945,0.983060747663551,0.967515364354697,0.970108695652174,0.982626262626263,0.95558639833449,0.982373678025852,0.95937840785169,0.968978102189781,0.999172185430464,0.933238636363636,0.965079365079365,0.942781690140845,0.987715862560085,0.944444444444444,1,0.948214285714286,0.946478873239437,0.970445344129555,0.923048510219158,0.98160469667319,0.966315789473684,0.959581881533101,0.961720974375198,0.949370503597122,0.974941875484371,0.957973626790627,0.97631473303894,0.971590909090909,0.993325917686318,0.935779816513761,0.970890410958904,0.922143579373104,0.942332436542286,0.978214539426948,0.957509881422925,0.960389610389611,0.963497267759563,1,0.980769230769231,0.966758241758242,1,1,0.883370756835293,0.960945529290853,0.957746478873239,0.950704225352113,0.930214115781126,0.983696900114811,0.967633928571429,0.954656862745098,0.961818961818962,0.968944099378882,0.96469104665826,0.904639175257732,0.924635620334163,0.96119733924612,1,0.970360237118103,0.941176470588235,0.964179104477612,0.874680306905371,0.907627118644068,1,0.980645161290323,0.968477531857813,0.990572467060427,0.972065348931021,0.982222222222222,0.993407252022775
"hsa00053.xml-1",0.271186440677966,0.461770623742455,0.502738225629792,0.487179487179487,0.242088607594937,0.294230769230769,0.150793650793651,0.388151174668029,0.14010989010989,0.161904761904762,0.364285714285714,0.472222222222222,0.235023041474654,0.281941031941032,0.263793103448276,0.14100185528757,0.308316430020284,0.334975369458128,0.182795698924731,0.344788732394366,0.437142857142857,0.267482517482518,0.342741935483871,0.226190476190476,0.207880434782609,0.211111111111111,0.167763157894737,0.369565217391304,0.327447833065811,0.337777777777778,0.276506024096386,0.287593984962406,0.202666666666667,0.4,0.319327731092437,0.370639534883721,0.23030303030303,0.347727272727273,0.276506024096386,0.466666666666667,0.151785714285714,0.327304048234281,0.322784810126582,0.343891402714932,0.309716599190283,0.359154929577465,0.237209302325581,0.314699792960663,0.374541003671971,0.217329545454545,0.146153846153846,0.25,0.413961038961039,0.244176706827309,0.356643356643357,0.353961827646038,0.147683397683398,0.262068965517241,0.402631578947368,0.245161290322581,0.211764705882353,0.154545454545455,0.160676532769556,0.203208556149733,0.323467230443975,0.27,0.294608472400513,0.249589490968801,0.262068965517241,0.283333333333333,0.1275,0.223684210526316,0.211111111111111,0.178403755868545,0.263339070567986,0.276672694394213,0.34,0.161904761904762,0.279878048780488,0.132467532467532,0.246753246753247,0.285,0.3825,0.400313971742543,0.490909090909091,0.172297297297297,0.50210970464135,0.31974921630094,0.472888888888889,0.187654320987654,0.215909090909091,0.191919191919192,0.283333333333333,0.287878787878788,0.354312354312354,0.344671201814059,0.246376811594203,0.334975369458128,0.351118760757315,0.425788497217069
"hsa00061.xml-1",0.402116402116402,0.522407170294494,0.720652173913043,0.38,0.517391304347826,0.523076923076923,0.633333333333333,0.570892018779343,0.589469178082192,0.161904761904762,0.635164835164835,0.555959302325581,0.402631578947368,0.593650793650794,0.542168674698795,0.625514403292181,0.686111111111111,0.52987012987013,0.367965367965368,0.52987012987013,0.551682692307692,0.496753246753247,0.516697936210131,0.260571428571429,0.532173913043478,0.369979716024341,0.739130434782609,0.607142857142857,0.492277992277992,0.48073605520414,0.624125874125874,0.463636363636364,0.261768082663605,0.739130434782609,0.558823529411765,0.413513513513514,0.394463667820069,0.639721254355401,0.724260355029586,0.636174636174636,0.576923076923077,0.327304048234281,0.54337899543379,0.578947368421053,0.646198830409357,0.641387195121951,0.477130977130977,0.462709284627093,0.569620253164557,0.334975369458128,0.551924473493101,0.537470725995316,0.751842751842752,0.374384236453202,0.51,0.621951219512195,0.631756756756757,0.499178981937603,0.496395097332372,0.548340548340548,0.312244897959184,0.546428571428571,0.457142857142857,0.38846294267981,0.527586206896552,0.429172510518934,0.407782515991471,0.460606060606061,0.646808510638298,0.470769230769231,0.28021978021978,0.533101045296167,0.506666666666667,0.463414634146341,0.729657228017884,0.490384615384615,0.433632498819084,0.326226012793177,0.53125,0.646739130434783,0.385591070522577,0.55609756097561,0.438574938574939,0.59850640113798,0.514718250630782,0.468427095292767,0.526980482204363,0.51,0.631229235880399,0.235294117647059,0.311794871794872,0.195624195624196,0.380281690140845,0.48,0.536585365853659,0.506666666666667,0.53204172876304,0.522898154477102,0.395962732919255,0.41871921182266
"hsa00062.xml-1",0.979708761040821,0.971428571428572,1,0.981220657276995,0.921513269339356,1,1,1,0.993674089068826,0.955772113943028,0.959677419354839,0.927272727272727,0.987096774193548,0.989224137931035,1,1,0.985185185185185,1,0.960616438356164,0.922480620155039,0.999364964165835,0.972663699936427,0.940711462450593,0.935606060606061,0.989224137931035,1,0.936188811188811,0.944055944055944,0.977982954545455,1,0.998121972916873,1,0.967515364354697,0.970108695652174,0.982626262626263,0.9945,0.982373678025852,0.95937840785169,0.968978102189781,0.999172185430464,0.933238636363636,0.994243851386709,1,1,0.944444444444444,1,0.980357142857143,0.96570728720147,0.974950560316414,0.94511760513186,0.98160469667319,0.966315789473684,0.998260113092649,0.98320292123109,0.949370503597122,0.974941875484371,0.970319634703196,0.977355325691921,0.971590909090909,0.997105923210496,0.916391639163916,0.993506493506493,1,1,0.978214539426948,0.957509881422925,0.98494271685761,0.963497267759563,1,1,0.966758241758242,1,1,1,0.997161778618732,1,0.938311688311688,0.999823383963264,1,1,0.987350427350427,0.961818961818962,1,0.999093052784328,0.929178734934131,0.967908902691511,0.96119733924612,1,1,0.991911764705882,0.964179104477612,0.903149138443256,0.915318503538928,1,0.994547437295529,1,0.990572467060427,0.972065348931021,0.997056968677738,0.993407252022775
"hsa00062.xml-2",0.979708761040821,0.968720468720469,0.969656231995391,0.981220657276995,0.921513269339356,0.973395026026605,0.972390572390572,0.988026000684229,0.993674089068826,0.955772113943028,0.959677419354839,0.927272727272727,0.967633928571428,0.982993197278912,0.97787610619469,1,0.915437561455261,0.95625,0.870967741935484,0.921923076923077,0.97781954887218,0.967447306791569,0.940711462450593,0.935606060606061,0.959395559210526,1,0.936188811188811,0.944055944055944,0.969298245614035,0.780821917808219,0.975903614457831,1,0.967515364354697,0.970108695652174,0.982626262626263,0.95558639833449,0.982373678025852,0.95937840785169,0.968978102189781,0.999172185430464,0.933238636363636,0.965079365079365,0.925116279069767,0.987715862560085,0.944444444444444,1,0.948214285714286,0.96570728720147,0.974950560316414,0.923048510219158,0.98160469667319,0.99010989010989,1,0.955163043478261,0.949370503597122,0.974941875484371,0.957973626790627,0.939027665860865,0.971590909090909,0.997105923210496,0.944444444444444,0.970890410958904,0.922143579373104,0.882011605415861,0.985683607730852,0.957509881422925,0.955025608194622,0.931171171171171,1,0.993415637860082,0.966758241758242,1,1,0.883370756835293,0.960945529290853,0.957746478873239,0.952,0.933290071382219,0.983696900114811,0.965661103979461,0.951878707976269,0.961818961818962,0.928865979381443,0.96469104665826,0.921275646743979,0.924635620334163,0.96119733924612,1,0.970360237118103,0.985988583290088,0.964179104477612,0.915306915306915,0.907627118644068,1,0.980645161290323,0.968477531857813,0.999506964131641,0.972065348931021,0.982222222222222,0.993407252022775
"hsa00071.xml-1",0.482539682539682,0.522407170294494,0.684053651266766,0.706976744186047,0.455938697318008,0.523076923076923,0.205962059620596,0.398114195914091,0.555241935483871,0.293778801843318,0.550112359550562,0.555959302325581,0.402631578947368,0.28544776119403,0.554347826086956,0.431818181818182,0.564007421150278,0.408653846153846,0.142857142857143,0.344788732394366,0.551682692307692,0.267482517482518,0.363247863247863,0.285071267816954,0.39063829787234,0.356472795497186,0.573839662447257,0.446932814021422,0.298051948051948,0.334617501375894,0.5,0.463636363636364,0.202666666666667,0.728571428571428,0.496529195590037,0.370639534883721,0.394463667820069,0.448680351906158,0.566666666666667,0.492413793103448,0.576923076923077,0.219336219336219,0.434659090909091,0.492592592592593,0.472222222222222,0.359154929577465,0.416083916083916,0.574418604651163,0.569620253164557,0.217329545454545,0.38974358974359,0.556363636363636,0.73301393728223,0.374384236453202,0.403481012658228,0.621951219512195,0.612612612612613,0.343308865047996,0.485054347826087,0.245161290322581,0.350649350649351,0.51277754503561,0.276363636363636,0.304,0.559756097560976,0.455357142857143,0.354782608695652,0.460606060606061,0.49906191369606,0.350274725274725,0.254434589800443,0.345567476002259,0.454700854700855,0.31716223265519,0.58446519524618,0.447368421052632,0.409821428571429,0.391161431701972,0.53125,0.310975609756098,0.488353413654618,0.475,0.413194444444444,0.59850640113798,0.514718250630782,0.431390977443609,0.46875,0.45,0.463414634146341,0.28842504743833,0.265734265734266,0.298273155416013,0.411428571428571,0.334617501375894,0.45037037037037,0.439518072289157,0.53125,0.515151515151515,0.382117882117882,0.439655172413793
"hsa00071.xml-2",0.174913693901036,0.217329545454545,0.235384615384615,0.234567901234568,0.213986013986014,0.221739130434783,0.150793650793651,0.299802761341223,0.14010989010989,0.161904761904762,0.221739130434783,0.310344827586207,0.235023041474654,0.182142857142857,0.263793103448276,0.14100185528757,0.2,0.1875,0.142857142857143,0.213986013986014,0.217329545454545,0.196153846153846,0.310344827586207,0.177156177156177,0.168131868131868,0.159663865546219,0.167763157894737,0.287593984962406,0.28125,0.292307692307692,0.253731343283582,0.207598371777476,0.151243781094527,0.283858998144712,0.225185185185185,0.173863636363636,0.166666666666667,0.309716599190283,0.190298507462687,0.235384615384615,0.151785714285714,0.149019607843137,0.290598290598291,0.194871794871795,0.224340175953079,0.217329545454545,0.160714285714286,0.164502164502164,0.220779220779221,0.217329545454545,0.146153846153846,0.242857142857143,0.20958904109589,0.183574879227053,0.151785714285714,0.223684210526316,0.147683397683398,0.186274509803922,0.289772727272727,0.237871674491393,0.158385093167702,0.154545454545455,0.166666666666667,0.157349896480331,0.196153846153846,0.198701298701299,0.225,0.166666666666667,0.183574879227053,0.156122448979592,0.1275,0.225,0.162393162393162,0.178403755868545,0.228017883755589,0.273214285714286,0.195902688860435,0.161904761904762,0.210743801652893,0.209876543209877,0.215909090909091,0.148727984344423,0.283333333333333,0.400313971742543,0.245192307692308,0.172297297297297,0.26984126984127,0.213986013986014,0.186274509803922,0.133333333333333,0.144761904761905,0.139705882352941,0.283333333333333,0.191919191919192,0.205405405405405,0.187654320987654,0.246376811594203,0.283858998144712,0.28544776119403,0.346153846153846
"hsa00071.xml-3",0.547945205479452,0.461770623742455,0.720652173913043,0.562962962962963,0.614682249817385,0.526451612903226,0.413525068013991,0.623376623376623,0.594405594405594,0.287323943661972,0.635164835164835,0.555959302325581,0.402631578947368,0.514285714285714,0.540423861852433,0.400263331138907,0.686111111111111,0.516891891891892,0.182795698924731,0.344788732394366,0.551682692307692,0.39906103286385,0.516697936210131,0.388604821037253,0.542553191489362,0.354312354312354,0.695454545454545,0.607142857142857,0.354782608695652,0.48073605520414,0.5,0.458541458541459,0.28952380952381,0.728571428571428,0.422222222222222,0.413513513513514,0.394463667820069,0.437142857142857,0.724260355029586,0.61569416498994,0.576923076923077,0.327304048234281,0.566666666666667,0.511784511784512,0.646198830409357,0.401785714285714,0.477130977130977,0.517006802721088,0.554347826086956,0.217329545454545,0.356305672761369,0.523076923076923,0.749693752552062,0.447058823529412,0.356643356643357,0.621951219512195,0.652916073968706,0.442933462846042,0.482432432432432,0.671637669152168,0.312244897959184,0.563882063882064,0.342342342342342,0.285,0.527586206896552,0.455357142857143,0.414473684210526,0.460606060606061,0.544802867383513,0.470769230769231,0.254434589800443,0.479623824451411,0.551612903225806,0.462885420631899,0.667857142857143,0.374770361298224,0.34,0.285803237858032,0.5,0.504284772577456,0.37962037962038,0.475,0.3984375,0.68,0.514718250630782,0.468427095292767,0.588461538461538,0.51564756860857,0.498827941865917,0.133333333333333,0.311794871794872,0.194871794871795,0.309716599190283,0.45037037037037,0.536585365853659,0.609876543209876,0.553618421052632,0.522898154477102,0.359154929577465,0.425788497217069
"hsa00100.xml-1",0.653763440860215,0.793333333333333,0.894736842105263,0.904761904761905,0.863322884012539,0.594752186588921,0.470588235294118,0.936825885978429,0.596103896103896,0.91190165766437,0.74512987012987,0.555959302325581,0.725806451612903,0.518292682926829,0.892024253731343,0.734299516908212,0.85273492286115,0.814176245210728,0.714285714285714,0.702192758796532,0.437142857142857,0.855944055944056,0.579545454545455,0.487179487179487,0.765,0.873563218390805,0.860625,0.689371852637159,0.925,0.603174603174603,0.721131186174391,0.778846153846154,0.800561797752809,0.82258064516129,0.419310344827586,0.695454545454545,0.85972850678733,0.922191780821918,0.724260355029586,0.708333333333333,0.590733590733591,0.842364532019705,0.666666666666667,0.738888888888889,0.807724367879967,0.683035714285714,0.515151515151515,0.687782805429864,0.841904761904762,0.508869179600887,0.551924473493101,0.794805194805195,0.840659340659341,0.449261083743842,0.765,0.782608695652174,0.934065934065934,0.831964969896004,0.684473684210526,0.766129032258065,0.463636363636364,0.913129973474801,0.606382978723404,0.767676767676768,0.713286713286713,0.738157894736842,0.592258064516129,0.482539682539682,0.900862068965517,0.51,0.730769230769231,0.794805194805195,0.941176470588235,0.57315233785822,0.806034482758621,0.776321353065539,0.527131782945736,0.612,0.778405879027699,0.646739130434783,0.745098039215686,0.603174603174603,0.490384615384615,0.715909090909091,0.654545454545455,0.7409200968523,0.753694581280788,0.699828473413379,0.633333333333333,0.415584415584416,0.7125,0.476489028213166,0.34,0.544802867383513,0.81283422459893,0.919540229885057,0.579545454545455,0.616935483870968,0.699055741699665,0.56405529953917
"hsa00100.xml-2",1,0.990434782608696,1,0.992792792792793,0.971340467984763,1,1,1,0.993674089068826,0.993846153846154,1,0.979591836734694,1,0.999203568015292,1,1,1,1,0.987494957644211,1,0.999364964165835,0.987837837837838,0.992790194664744,1,1,1,1,0.976531814611155,0.999637023593467,1,0.998121972916873,1,1,1,1,0.9945,1,1,0.99468085106383,0.999172185430464,1,1,1,1,0.990044798407168,1,1,0.989206349206349,0.994152046783626,0.98141447368421,1,1,1,0.987350427350427,1,0.974941875484371,1,1,1,1,1,1,1,1,0.991253644314869,1,1,0.99525290554919,1,1,0.987264391237901,1,1,1,0.997161778618732,1,0.991253644314869,1,1,1,0.987350427350427,0.990987535953979,1,0.999093052784328,0.986926980304464,0.971428571428571,0.989120151371807,1,1,0.998889300259163,0.979416502595311,1,1,1,1,1,1,0.972728793709219,1,1
"hsa00120.xml-1",0.983011583011583,0.968720468720469,1,0.992792792792793,0.93508956796628,1,1,1,0.993674089068826,0.993846153846154,1,0.989090909090909,0.999823383963264,1,1,1,1,1,0.925344925344925,1,0.999364964165835,0.992199248120301,1,0.988745482705214,0.989224137931035,1,1,0.969798657718121,0.996428571428571,1,1,1,1,1,1,0.961094224924012,0.982373678025852,0.998106060606061,1,0.999172185430464,0.998322147651007,1,1,1,0.986301369863014,1,0.989224137931034,0.989206349206349,0.994152046783626,0.968146718146718,1,1,1,0.987350427350427,1,0.974941875484371,1,1,0.971590909090909,1,1,1,1,0.993963782696177,0.991253644314869,0.989792984473836,1,0.99525290554919,1,1,0.987264391237901,1,1,0.986301369863014,0.996825927163381,1,0.983876980428705,0.999823383963264,1,1,0.987350427350427,0.990987535953979,1,0.999093052784328,0.971428571428571,0.979736842105263,0.989120151371807,1,1,1,0.979416502595311,0.968627450980392,0.982993197278912,1,1,0.968477531857813,1,0.97781954887218,1,0.993407252022775
"hsa00120.xml-2",0.271186440677966,0.217329545454545,0.396031061259707,0.234567901234568,0.213986013986014,0.294230769230769,0.153535353535354,0.263888888888889,0.26865671641791,0.161904761904762,0.3,0.310344827586207,0.235023041474654,0.182142857142857,0.263793103448276,0.14100185528757,0.367741935483871,0.1875,0.142857142857143,0.213986013986014,0.217329545454545,0.267482517482518,0.310344827586207,0.226190476190476,0.168131868131868,0.159663865546219,0.179156908665105,0.287593984962406,0.298051948051948,0.226865671641791,0.274193548387097,0.207598371777476,0.151243781094527,0.455357142857143,0.226865671641791,0.345112781954887,0.2375,0.228358208955224,0.210164835164835,0.255,0.151785714285714,0.149019607843137,0.195902688860435,0.347826086956522,0.224340175953079,0.359154929577465,0.160714285714286,0.169453734671126,0.329741379310345,0.209016393442623,0.234567901234568,0.255639097744361,0.413961038961039,0.271428571428571,0.151785714285714,0.353961827646038,0.28021978021978,0.262068965517241,0.290506329113924,0.245161290322581,0.161904761904762,0.154545454545455,0.267920094007051,0.157349896480331,0.19921875,0.198701298701299,0.309403437815976,0.255892255892256,0.185592185592186,0.156122448979592,0.1275,0.345567476002259,0.162393162393162,0.262068965517241,0.263339070567986,0.276672694394213,0.195902688860435,0.161904761904762,0.276923076923077,0.24037706205813,0.215909090909091,0.148727984344423,0.283333333333333,0.400313971742543,0.326226012793177,0.331168831168831,0.26984126984127,0.264020707506471,0.186274509803922,0.135472370766488,0.153535353535354,0.139705882352941,0.283333333333333,0.191919191919192,0.32,0.267605633802817,0.246376811594203,0.205645161290323,0.298051948051948,0.346153846153846
"hsa00130.xml-1",0.936825885978428,0.968720468720469,0.969656231995391,0.981220657276995,0.921513269339356,0.96,0.921690921690922,0.955373978629793,0.993674089068826,0.927272727272727,0.959677419354839,0.902397260273973,0.967633928571428,0.982993197278912,0.97787610619469,0.904761904761905,0.915437561455261,0.95625,0.805545805545806,0.838203067932798,0.877796901893287,0.967447306791569,0.940711462450593,0.88899950223992,0.959395559210526,1,0.936188811188811,0.923696126111018,0.969298245614035,0.93514483465778,0.982758620689655,1,0.967515364354697,0.970108695652174,0.96996996996997,0.95558639833449,0.982373678025852,0.95937840785169,0.927272727272727,0.867586206896552,0.89974182444062,0.965079365079365,0.933141542002301,0.947293447293447,0.944444444444444,1,0.932926829268293,0.943813418143268,0.974950560316414,0.923048510219158,0.806366047745358,0.966315789473684,0.959581881533101,0.916863362182009,0.949370503597122,0.974941875484371,0.957973626790627,0.939027665860865,0.971590909090909,0.993325917686318,0.85,0.970890410958904,0.922143579373104,0.942332436542286,0.972282314764738,0.957509881422925,0.960389610389611,0.963497267759563,1,0.82258064516129,0.966758241758242,1,1,0.881869460112812,0.921270510311606,0.957746478873239,0.847809278350515,0.803571428571429,0.966315789473684,0.965661103979461,0.966814159292036,0.853623188405797,0.920208500400962,0.96469104665826,0.904639175257732,0.924635620334163,0.96119733924612,1,0.970360237118103,0.985988583290088,0.936024632227164,0.767441860465116,0.7699189264747,1,0.980645161290323,0.968477531857813,0.95625,0.947548028311426,0.926670992861778,0.993407252022775
"hsa00140.xml-1",0.261168384879725,0.260204081632653,0.235384615384615,0.38,0.242088607594937,0.294230769230769,0.243980738362761,0.330434782608696,0.207880434782609,0.195402298850575,0.267482517482518,0.277173913043478,0.274193548387097,0.219354838709677,0.263793103448276,0.285356695869837,0.373097692685322,0.261538461538462,0.142857142857143,0.329032258064516,0.437142857142857,0.196153846153846,0.342741935483871,0.177156177156177,0.207880434782609,0.206802721088435,0.167763157894737,0.287593984962406,0.298051948051948,0.337777777777778,0.280091533180778,0.28125,0.261768082663605,0.368378812199037,0.348224513172967,0.240188383045526,0.23030303030303,0.342665173572228,0.190298507462687,0.255,0.189473684210526,0.267018006148441,0.265625,0.272401433691756,0.253101736972705,0.359154929577465,0.286875,0.164502164502164,0.28021978021978,0.217329545454545,0.146153846153846,0.25,0.302371541501976,0.244176706827309,0.2125,0.353961827646038,0.147683397683398,0.262068965517241,0.289772727272727,0.287334593572779,0.158385093167702,0.292729591836735,0.228571428571429,0.203208556149733,0.271276595744681,0.198701298701299,0.28021978021978,0.246153846153846,0.223858615611193,0.156122448979592,0.193548387096774,0.274193548387097,0.211111111111111,0.31716223265519,0.262886597938144,0.273214285714286,0.34,0.295652173913043,0.210743801652893,0.132467532467532,0.246753246753247,0.215602836879433,0.283333333333333,0.400313971742543,0.329032258064516,0.23448275862069,0.303370786516854,0.350114416475973,0.335294117647059,0.133333333333333,0.144761904761905,0.139705882352941,0.309716599190283,0.191919191919192,0.32,0.267605633802817,0.246376811594203,0.3,0.294230769230769,0.422068965517241
"hsa00190.xml-1",NA,0.82258064516129,0.969656231995391,NA,0.765,0.95625,NA,NA,0.993674089068826,0.955772113943028,0.959677419354839,0.860625,0.761194029850746,0.982993197278912,0.95625,NA,NA,0.665217391304348,0.761194029850746,0.907954545454545,0.772727272727273,0.864406779661017,0.612,NA,0.612,NA,0.936188811188811,0.923696126111018,0.85,NA,0.975903614457831,0.983060747663551,NA,0.82258064516129,NA,0.95558639833449,NA,0.695454545454545,0.968354430379747,0.932926829268293,0.910714285714286,NA,0.921686746987952,NA,0.944444444444444,1,0.932926829268293,NA,0.735576923076923,0.9,NA,0.695454545454545,0.959581881533101,NA,0.864406779661017,0.621951219512195,0.957973626790627,NA,0.835235732009926,NA,0.869318181818182,0.970890410958904,NA,NA,0.615871190339276,0.84375,0.955025608194622,NA,NA,0.82258064516129,0.966758241758242,0.82258064516129,NA,NA,0.960869565217391,0.957746478873239,1,0.612,0.836065573770492,0.944444444444444,NA,NA,0.772727272727273,0.96469104665826,0.624489795918367,0.924635620334163,0.836065573770492,0.6375,NA,NA,NA,NA,0.7699189264747,NA,NA,NA,0.95625,0.82258064516129,0.960090361445783,0.827524038461538
"hsa00220.xml-1",0.653439153439153,0.62027027027027,0.720652173913043,0.706976744186047,0.614682249817385,0.544,0.540540540540541,0.744186046511628,0.596103896103896,0.287323943661972,0.635164835164835,0.555959302325581,0.402631578947368,0.514285714285714,0.554347826086956,0.617886178861789,0.738581146744412,0.575187969924812,0.427033492822966,0.544096728307255,0.551682692307692,0.586411149825784,0.579545454545455,0.357647058823529,0.532173913043478,0.463238095238095,0.676093680954485,0.623795404002965,0.450757575757576,0.531468531468531,0.624125874125874,0.53014553014553,0.558636819244905,0.739130434782609,0.558823529411765,0.6,0.394463667820069,0.657862407862408,0.724260355029586,0.708333333333333,0.576923076923077,0.357142857142857,0.566666666666667,0.496529195590037,0.685917721518987,0.553846153846154,0.478424015009381,0.529281418170307,0.571606475716065,0.462585034013605,0.38974358974359,0.575187969924812,0.787644787644788,0.401408450704225,0.541505791505791,0.621951219512195,0.714,0.499178981937603,0.698630136986301,0.559571619812584,0.392307692307692,0.453333333333333,0.529616724738676,0.421344421344421,0.615871190339276,0.61569416498994,0.496430889033095,0.605392156862745,0.646808510638298,0.51,0.511705685618729,0.794805194805195,0.804232804232804,0.462885420631899,0.667857142857143,0.489339019189765,0.546754020250149,0.352534562211982,0.58695652173913,0.504284772577456,0.571428571428571,0.55609756097561,0.3984375,0.68,0.514718250630782,0.468427095292767,0.584375,0.626654064272212,0.638655462184874,0.308441558441558,0.331010452961672,0.296296296296296,0.538149350649351,0.530793650793651,0.536585365853659,0.666666666666667,0.602727272727273,0.578151837856407,0.415384615384615,0.651063829787234
"hsa00220.xml-2",0.979708761040821,0.968720468720469,0.969656231995391,0.981220657276995,0.921513269339356,1,0.972390572390572,0.994565820117556,0.993674089068826,0.955772113943028,0.959677419354839,0.927272727272727,0.967633928571428,0.989224137931035,1,1,0.915437561455261,0.972457627118644,0.89639683624646,0.907954545454545,0.97781954887218,0.967447306791569,0.940711462450593,0.935606060606061,0.959395559210526,1,0.936188811188811,0.944055944055944,0.969298245614035,0.962460425146992,0.9945,0.983060747663551,0.967515364354697,0.970108695652174,0.982626262626263,0.95558639833449,0.982373678025852,0.95937840785169,0.968978102189781,0.999172185430464,0.978124063530117,0.965079365079365,0.954325955734406,0.987715862560085,0.944444444444444,1,0.962543554006969,0.96570728720147,0.99170339642209,0.923048510219158,0.98160469667319,0.99010989010989,0.998260113092649,0.98320292123109,0.949370503597122,0.974941875484371,0.961508248232522,0.977355325691921,0.971590909090909,0.993325917686318,0.944444444444444,0.970890410958904,0.922143579373104,0.945273631840796,0.985683607730852,0.957509881422925,0.960389610389611,0.969807451293152,1,0.980769230769231,0.966758241758242,1,1,0.883370756835293,0.960945529290853,0.957746478873239,0.955503512880562,0.948837209302326,0.983696900114811,0.967633928571429,0.968269230769231,0.961818961818962,0.968944099378882,0.974219599316664,0.923100521525719,0.924635620334163,0.96119733924612,1,0.970360237118103,0.985988583290088,0.964179104477612,0.915306915306915,0.907627118644068,1,0.980645161290323,0.968477531857813,0.990572467060427,0.972065348931021,0.982222222222222,0.993407252022775
"hsa00230.xml-1",0.83125,0.82258064516129,0.892128279883382,0.944632768361582,0.881481481481481,0.914431486880466,0.838235294117647,0.943493150684931,0.904024273395081,0.927272727272727,0.74512987012987,0.84297520661157,0.827027027027027,0.932142857142857,0.892024253731343,0.808214154748808,0.774074074074074,0.879161737366909,0.761528326745718,0.838203067932798,0.795899632802938,0.855944055944056,0.809134615384615,0.760760760760761,0.813829787234042,0.806060606060606,0.860625,0.840510366826156,0.915071770334928,0.779487179487179,0.831521739130435,0.867777383906416,0.775510204081633,0.878188775510204,0.872131147540984,0.827798507462687,0.807326007326007,0.935406698564593,0.778421052631579,0.770957398076042,0.799292214357937,0.852805280528053,0.765,0.825,0.860625,0.882254464285714,0.855,0.852121212121212,0.814948453608247,0.844206426484908,0.787193973634652,0.879161737366909,0.939537080774681,0.784516129032258,0.81,0.866414984753884,0.934065934065934,0.760845383759733,0.765883711975356,0.715447154471545,0.8364,0.970890410958904,0.861678004535147,0.942332436542286,0.82681420483788,0.87114174408151,0.807235726399095,0.742913000977517,0.900862068965517,0.896011396011396,0.932571428571428,0.88243123336291,0.941176470588235,0.881869460112812,0.879459002535926,0.777966101694915,0.834545454545455,0.796875,0.852272727272727,0.7409200968523,0.76481090732024,0.780487804878049,0.748579545454546,0.96241935483871,0.87544014084507,0.7409200968523,0.923541247484909,0.74512987012987,0.730584366304073,0.897222222222222,0.7125,0.742429176164116,0.7699189264747,0.893564356435644,0.860992039191672,0.933333333333333,0.63,0.82258064516129,0.76105379513633,0.852842809364549
"hsa00232.xml-1",0.979708761040821,0.968720468720469,0.969656231995391,0.981220657276995,0.921513269339356,1,0.972390572390572,0.994565820117556,0.993674089068826,0.955772113943028,0.959677419354839,0.927272727272727,0.967633928571428,0.982993197278912,0.95625,1,0.915437561455261,0.972457627118644,0.89639683624646,0.907954545454545,0.97781954887218,0.967447306791569,0.940711462450593,0.935606060606061,0.959395559210526,1,0.936188811188811,0.944055944055944,0.977982954545455,0.93514483465778,0.9945,0.984663836779406,0.967515364354697,0.970108695652174,0.982626262626263,0.95558639833449,0.982373678025852,0.95937840785169,0.968978102189781,0.999172185430464,0.933238636363636,0.968399592252803,0.933141542002301,0.987715862560085,0.944444444444444,1,0.942360728075014,0.943813418143268,0.974950560316414,0.887362637362637,0.98160469667319,0.966315789473684,0.959581881533101,0.95959595959596,0.949370503597122,0.974941875484371,0.957973626790627,0.939027665860865,0.971590909090909,0.993325917686318,0.944444444444444,0.970890410958904,0.922143579373104,0.942332436542286,0.985683607730852,0.957509881422925,0.960389610389611,0.963497267759563,1,0.980769230769231,0.966758241758242,1,1,0.883370756835293,0.960869565217391,0.957746478873239,0.955487642838161,0.930214115781126,0.983696900114811,0.965661103979461,0.966814159292036,0.961818961818962,0.968944099378882,0.96469104665826,0.904639175257732,0.924635620334163,0.96119733924612,1,0.970360237118103,0.945273631840796,0.964179104477612,0.879849812265332,0.907627118644068,1,0.980645161290323,0.957037037037037,0.990572467060427,0.972065348931021,0.982222222222222,0.993407252022775
"hsa00240.xml-1",0.689002759164367,0.56043956043956,0.684053651266766,0.599713055954089,0.579545454545455,0.490384615384615,0.431818181818182,0.633333333333333,0.555241935483871,0.402631578947368,0.635164835164835,0.555959302325581,0.542553191489362,0.479623824451411,0.554347826086956,0.571428571428571,0.655172413793103,0.437142857142857,0.293103448275862,0.53125,0.463636363636364,0.463636363636364,0.478125,0.472049689440994,0.53125,0.465867929785456,0.860625,0.607142857142857,0.508305647840532,0.48073605520414,0.5,0.525171624713959,0.395833333333333,0.706153846153846,0.571428571428571,0.435897435897436,0.422222222222222,0.485714285714286,0.472222222222222,0.466666666666667,0.576923076923077,0.638655462184874,0.566666666666667,0.633333333333333,0.765,0.401785714285714,0.577358490566038,0.690909090909091,0.554347826086956,0.34984756097561,0.660869565217391,0.556363636363636,0.708333333333333,0.447058823529412,0.51,0.621951219512195,0.631756756756757,0.499178981937603,0.435897435897436,0.452380952380952,0.392307692307692,0.689189189189189,0.513513513513513,0.444444444444444,0.527586206896552,0.61569416498994,0.414473684210526,0.605392156862745,0.646808510638298,0.51,0.511705685618729,0.51,0.94901144640999,0.462885420631899,0.667857142857143,0.490384615384615,0.612,0.37469387755102,0.527586206896552,0.503289473684211,0.649572649572649,0.55609756097561,0.612,0.59850640113798,0.514718250630782,0.478125,0.470769230769231,0.51,0.542857142857143,0.835820895522388,0.357226792009401,0.415868673050616,0.6375,0.48,0.536585365853659,0.617886178861789,0.496753246753247,0.515151515151515,0.68,0.439655172413793
"hsa00250.xml-1",0.979708761040821,0.968720468720469,0.969656231995391,0.981220657276995,0.921513269339356,0.95625,0.972390572390572,0.994565820117556,0.993674089068826,0.955772113943028,0.959677419354839,0.927272727272727,0.90547427256288,0.982993197278912,0.97787610619469,1,0.915437561455261,0.972457627118644,0.852842809364548,0.907954545454545,0.959247648902821,0.967447306791569,0.940711462450593,0.933714285714286,0.959395559210526,1,0.936188811188811,0.944055944055944,0.969298245614035,0.962460425146992,0.982758620689655,0.983060747663551,0.967515364354697,0.970108695652174,0.982626262626263,0.95558639833449,0.982373678025852,0.95937840785169,0.968978102189781,0.999172185430464,0.89974182444062,0.965079365079365,0.933141542002301,0.987715862560085,0.944444444444444,1,0.942360728075014,0.943813418143268,0.970445344129555,0.923048510219158,0.98160469667319,0.966315789473684,0.959581881533101,0.955163043478261,0.949370503597122,0.974941875484371,0.957973626790627,0.939027665860865,0.971590909090909,0.993325917686318,0.916391639163916,0.970890410958904,0.922143579373104,0.942332436542286,0.985683607730852,0.957509881422925,0.960389610389611,0.960695239976299,1,0.980769230769231,0.966758241758242,1,1,0.853222453222453,0.960869565217391,0.957746478873239,0.940120481927711,0.933290071382219,0.966315789473684,0.965661103979461,0.954656862745098,0.961818961818962,0.920208500400962,0.96469104665826,0.898373983739837,0.924635620334163,0.96119733924612,1,0.970360237118103,0.941176470588235,0.964179104477612,0.894117647058823,0.907627118644068,1,0.980645161290323,0.968477531857813,0.969196373121351,0.941216678058783,0.980769230769231,0.993407252022775
"hsa00250.xml-2",0.983011583011583,0.985771812080537,1,0.992792792792793,0.93508956796628,1,1,1,1,1,1,1,0.999823383963264,1,1,1,0.998498498498498,1,1,1,1,0.972663699936427,1,1,1,1,0.992432432432432,1,1,1,0.998121972916873,1,1,1,1,0.9945,1,1,1,1,1,0.987012987012987,1,1,1,1,1,0.994346632208044,0.994152046783626,0.98141447368421,1,1,1,0.993717099677365,1,1,1,0.977355325691921,1,1,1,0.999823383963264,1,0.993963782696177,1,1,1,0.990714285714286,1,1,0.970319634703196,1,1,0.968797564687976,0.972711267605634,1,1,1,1,1,0.987350427350427,1,1,1,0.986926980304464,0.970580123195734,0.989120151371807,1,1,1,1,1,0.985135135135135,1,1,1,1,0.993674089068826,1,1
"hsa00260.xml-1",0.979708761040821,0.968720468720469,0.969656231995391,0.981220657276995,0.921513269339356,0.973395026026605,0.972390572390572,0.994565820117556,0.993674089068826,0.955772113943028,0.959677419354839,0.927272727272727,0.967633928571428,0.982993197278912,0.97787610619469,1,0.915437561455261,0.972457627118644,0.852842809364548,0.907954545454545,0.97781954887218,0.967447306791569,0.940711462450593,0.935606060606061,0.959395559210526,1,0.936188811188811,0.944055944055944,0.969298245614035,0.962460425146992,0.9945,0.983060747663551,0.967515364354697,0.970108695652174,0.982626262626263,0.95558639833449,0.982373678025852,0.95937840785169,0.968978102189781,0.961842105263158,0.933238636363636,0.965079365079365,0.933141542002301,0.987715862560085,0.944444444444444,1,0.942360728075014,0.96570728720147,0.970445344129555,0.923048510219158,0.98160469667319,0.966315789473684,0.959581881533101,0.98320292123109,0.949370503597122,0.974941875484371,0.957973626790627,0.939027665860865,0.971590909090909,0.993325917686318,0.916391639163916,0.970890410958904,0.922143579373104,0.942332436542286,0.985683607730852,0.957509881422925,0.960389610389611,0.963497267759563,1,0.980769230769231,0.966758241758242,1,1,0.881869460112812,0.960945529290853,0.957746478873239,0.952,0.930214115781126,0.966315789473684,0.965661103979461,0.958265035934939,0.961818961818962,0.928865979381443,0.974219599316664,0.904639175257732,0.924635620334163,0.96119733924612,1,0.970360237118103,0.941176470588235,0.964179104477612,0.823793787177793,0.907627118644068,1,0.980645161290323,0.968477531857813,0.969196373121351,0.972065348931021,0.982222222222222,0.993407252022775
"hsa00260.xml-2",0.689002759164367,0.724431818181818,0.95625,0.776170212765957,0.689189189189189,0.734090909090909,0.838235294117647,0.860215053763441,0.887515762925599,0.777142857142857,0.891868259982512,0.781609195402299,0.498913043478261,0.782858970259034,0.892024253731343,0.7002457002457,0.772881355932203,0.886363636363636,0.467096336499322,0.738416988416988,0.793921423276501,0.88006902502157,0.809134615384615,0.556776556776557,0.813829787234042,0.91239454899416,0.739130434782609,0.775556181357364,0.818911685994648,0.666666666666667,0.699055741699665,0.778846153846154,0.76,0.82258064516129,0.853932584269663,0.685483870967742,0.807326007326007,0.782082324455206,0.927272727272727,0.770957398076042,0.718905472636816,0.638655462184874,0.710471325748781,0.825,0.807724367879967,1,0.809523809523809,0.690909090909091,0.657738095238095,0.776881720430108,0.795677136102668,0.809523809523809,0.939537080774681,0.804232804232804,0.765,0.831521739130435,0.820131030375223,0.688405797101449,0.835235732009926,0.715447154471545,0.628152492668622,0.810381355932203,0.745098039215686,0.480045937410278,0.861751152073733,0.738157894736842,0.821978021978022,0.647868852459016,0.876745598057074,0.650510204081633,0.730769230769231,0.834821428571428,0.94901144640999,0.742368742368742,0.921270510311606,0.662098809953119,0.80952380952381,0.53125,0.775260804769001,0.7409200968523,0.745098039215686,0.786206896551724,0.669401148482363,0.781550480769231,0.624489795918367,0.82258064516129,0.777966101694915,0.953389830508474,0.792229329542762,0.603174603174603,0.7125,0.69361147327249,0.7699189264747,0.884188260179799,0.82411624376491,0.825614636935392,0.767000871839582,0.835235732009926,0.743567753001715,0.793202764976959
"hsa00260.xml-3",0.392258064516129,0.522407170294494,0.684053651266766,0.38,0.676392572944297,0.490384615384615,0.413525068013991,0.561576354679803,0.470769230769231,0.298828125,0.635164835164835,0.555959302325581,0.402631578947368,0.447368421052632,0.540423861852433,0.482539682539682,0.675555555555555,0.485714285714286,0.45,0.459459459459459,0.437142857142857,0.576923076923077,0.363247863247863,0.243589743589744,0.532173913043478,0.5,0.739130434782609,0.386363636363636,0.4482421875,0.417582417582418,0.274193548387097,0.28125,0.76,0.455357142857143,0.419310344827586,0.388747731397459,0.394463667820069,0.482142857142857,0.375921375921376,0.61569416498994,0.477130977130977,0.361259655377302,0.566666666666667,0.343891402714932,0.441346153846154,0.641387195121951,0.286875,0.529281418170307,0.571606475716065,0.34984756097561,0.287334593572779,0.452662721893491,0.515151515151515,0.374384236453202,0.688155922038981,0.627906976744186,0.624773139745916,0.499178981937603,0.290506329113924,0.647727272727273,0.329032258064516,0.749082007343941,0.329004329004329,0.38846294267981,0.271276595744681,0.455357142857143,0.414473684210526,0.422222222222222,0.395833333333333,0.283333333333333,0.51,0.479623824451411,0.761904761904762,0.462885420631899,0.490384615384615,0.447368421052632,0.409821428571429,0.37469387755102,0.380124223602484,0.354823747680891,0.586872586872587,0.434285714285714,0.3825,0.409090909090909,0.511705685618729,0.468427095292767,0.521739130434783,0.257575757575758,0.542857142857143,0.249589490968801,0.441860465116279,0.226190476190476,0.283333333333333,0.48,0.536585365853659,0.439518072289157,0.430581613508443,0.522898154477102,0.447368421052632,0.422068965517241
"hsa00260.xml-4",0.979708761040821,0.968720468720469,0.969656231995391,0.981220657276995,0.921513269339356,1,0.972390572390572,0.994565820117556,0.993674089068826,0.955772113943028,0.959677419354839,0.927272727272727,0.967633928571428,0.982993197278912,0.97787610619469,1,0.915437561455261,0.972457627118644,0.852842809364548,0.907954545454545,0.97781954887218,0.967447306791569,0.940711462450593,0.96289592760181,0.959395559210526,1,0.936188811188811,0.944055944055944,0.969298245614035,0.962460425146992,0.9945,0.983060747663551,0.967515364354697,0.970108695652174,0.982626262626263,0.95558639833449,0.982373678025852,0.95937840785169,0.968978102189781,0.999172185430464,0.933238636363636,0.965079365079365,0.933141542002301,0.987715862560085,0.944444444444444,1,0.942360728075014,0.946478873239437,0.970445344129555,0.923048510219158,0.98160469667319,0.966315789473684,1,0.98320292123109,0.949370503597122,0.974941875484371,0.957973626790627,0.939027665860865,0.971590909090909,0.993325917686318,0.944444444444444,0.970890410958904,0.922143579373104,0.88030888030888,0.978214539426948,0.957509881422925,0.960389610389611,0.963497267759563,1,0.980769230769231,0.966758241758242,1,1,0.883370756835293,0.960945529290853,0.957746478873239,0.955503512880562,0.933290071382219,0.983696900114811,0.965661103979461,0.952177234530176,0.961818961818962,0.959448160535117,0.96469104665826,0.921275646743979,0.924635620334163,0.96119733924612,1,0.970360237118103,0.941176470588235,0.964179104477612,0.915306915306915,0.907627118644068,1,0.980645161290323,0.968477531857813,0.990572467060427,0.972065348931021,0.982222222222222,0.993407252022775
"hsa00270.xml-1",0.979708761040821,0.968720468720469,0.969656231995391,0.981220657276995,0.921513269339356,0.973395026026605,0.972390572390572,0.994565820117556,0.993674089068826,0.955772113943028,0.959677419354839,0.927272727272727,0.967633928571428,0.982993197278912,0.97787610619469,1,0.915437561455261,0.972457627118644,0.852842809364548,0.907954545454545,0.97781954887218,0.967447306791569,0.940711462450593,0.935606060606061,0.959395559210526,1,0.936188811188811,0.944055944055944,0.969298245614035,0.962460425146992,0.9945,0.983060747663551,0.967515364354697,0.970108695652174,0.982626262626263,0.95558639833449,0.982373678025852,0.95937840785169,0.968978102189781,0.999172185430464,0.89974182444062,0.965079365079365,0.933141542002301,0.987715862560085,0.944444444444444,1,0.942360728075014,0.943813418143268,0.970445344129555,0.923048510219158,0.967104372546365,0.966315789473684,0.959581881533101,0.955163043478261,0.949370503597122,0.974941875484371,0.957973626790627,0.93909973521624,0.971590909090909,0.993325917686318,0.935779816513761,0.970890410958904,0.922143579373104,0.945273631840796,0.978214539426948,0.957509881422925,0.960389610389611,0.963497267759563,1,0.980769230769231,0.966758241758242,1,1,0.883370756835293,0.960869565217391,0.957746478873239,0.938311688311688,0.933290071382219,0.966315789473684,0.965661103979461,0.966814159292036,0.961818961818962,0.921836834391793,0.96469104665826,0.921275646743979,0.924635620334163,0.96119733924612,1,0.970360237118103,0.913554987212276,0.964179104477612,0.879849812265332,0.907627118644068,1,0.980645161290323,0.968477531857813,0.969196373121351,0.972065348931021,0.982222222222222,0.993407252022775
"hsa00270.xml-2",0.939969834087481,0.82258064516129,0.969656231995391,0.981220657276995,0.881481481481481,0.840659340659341,0.972390572390572,0.994565820117556,0.993674089068826,0.927272727272727,0.891868259982512,0.927272727272727,0.827027027027027,0.932142857142857,0.95625,1,0.85273492286115,0.95625,0.85,0.907954545454545,0.781225451688924,0.967447306791569,0.940711462450593,0.819026384243775,0.959395559210526,1,0.936188811188811,0.923696126111018,0.969298245614035,0.93514483465778,0.975903614457831,0.983060747663551,0.800561797752809,0.9,0.893713251922207,0.95558639833449,0.912,0.95937840785169,0.927272727272727,0.945741758241758,0.804054054054054,0.965079365079365,0.921686746987952,0.987715862560085,0.944444444444444,1,0.942360728075014,0.943813418143268,0.958974358974359,0.844206426484908,0.8907190370605,0.934065934065934,0.959581881533101,0.951159951159951,0.949370503597122,0.974941875484371,0.957973626790627,0.923921568627451,0.944626664094154,0.961704961704962,0.869318181818182,0.970890410958904,0.922143579373104,0.812235120692832,0.918918918918919,0.87114174408151,0.960389610389611,0.856338028169014,1,0.980769230769231,0.966758241758242,0.962814645308924,1,0.883370756835293,0.921270510311606,0.957746478873239,0.847809278350515,0.874740124740125,0.894246575342466,0.87288286682118,0.938271604938272,0.884931506849315,0.920208500400962,0.96469104665826,0.84902411021814,0.924635620334163,0.96119733924612,0.955479452054794,0.94299128101945,0.897222222222222,0.936024632227164,0.767441860465116,0.805263157894737,1,0.980645161290323,0.951486697965571,0.95625,0.842156386595435,0.960090361445783,0.984
"hsa00270.xml-3",0.979708761040821,0.968720468720469,0.986236933797909,0.981220657276995,0.921513269339356,1,0.864250177683013,0.994565820117556,0.993674089068826,0.955772113943028,0.959677419354839,0.927272727272727,0.967633928571428,0.982993197278912,0.97787610619469,1,0.947214076246334,1,0.89639683624646,0.907954545454545,0.97781954887218,0.967447306791569,0.940711462450593,0.88899950223992,0.962814645308925,1,0.936188811188811,0.923696126111018,0.973522167487685,0.975802469135803,0.998121972916873,0.983060747663551,0.967515364354697,0.970108695652174,0.982626262626263,0.95558639833449,0.982373678025852,0.95937840785169,0.968978102189781,0.90379746835443,0.933238636363636,0.987012987012987,0.950310559006211,0.987715862560085,0.944444444444444,1,0.969656231995391,0.96570728720147,0.974950560316414,0.923048510219158,0.98160469667319,0.966315789473684,0.959581881533101,0.955163043478261,0.949370503597122,0.968354430379747,0.957973626790627,0.977355325691921,0.967479674796748,0.993325917686318,0.916391639163916,0.970890410958904,0.922143579373104,0.957983193277311,0.972282314764738,0.957509881422925,0.960389610389611,0.978960927436668,1,0.980769230769231,0.970319634703196,1,1,0.949450549450549,0.960945529290853,0.965576592082616,0.875415282392027,0.930214115781126,0.983696900114811,1,0.966814159292036,0.961818961818962,0.971428571428571,0.96469104665826,0.923100521525719,0.950120192307692,0.96119733924612,1,0.970360237118103,0.897222222222222,0.964179104477612,0.824806201550388,0.910714285714286,1,0.994547437295529,0.968477531857813,0.967771084337349,0.972686602307511,0.982222222222222,0.993407252022775
"hsa00270.xml-4",0.979708761040821,0.968720468720469,0.969656231995391,0.981220657276995,0.921513269339356,1,0.972390572390572,0.994565820117556,0.993674089068826,0.955772113943028,0.959677419354839,0.927272727272727,0.967633928571428,0.982993197278912,0.97787610619469,1,0.915437561455261,0.972457627118644,0.852631578947368,0.838203067932798,0.795899632802938,0.967447306791569,0.940711462450593,0.835164835164835,0.959395559210526,1,0.936188811188811,0.923696126111018,0.969298245614035,0.962460425146992,0.987432065217391,0.983060747663551,0.967515364354697,0.970108695652174,0.982626262626263,0.95558639833449,0.982373678025852,0.922191780821918,0.968978102189781,0.867586206896552,0.933238636363636,0.975401069518717,0.925116279069767,0.987715862560085,0.944444444444444,1,0.942360728075014,0.96570728720147,0.974950560316414,0.923048510219158,0.98160469667319,0.966315789473684,0.998260113092649,0.955163043478261,0.949370503597122,0.974941875484371,0.957973626790627,0.939027665860865,0.971590909090909,0.993325917686318,0.916391639163916,0.970890410958904,0.922143579373104,0.942332436542286,0.978214539426948,0.957509881422925,0.960389610389611,0.963497267759563,1,0.980769230769231,0.966758241758242,1,1,0.883370756835293,0.960945529290853,0.957746478873239,0.875415282392027,0.930214115781126,0.983696900114811,0.967633928571429,0.968269230769231,0.961818961818962,0.920208500400962,0.96469104665826,0.921275646743979,0.924635620334163,0.96119733924612,1,0.970360237118103,0.985988583290088,0.964179104477612,0.823793787177793,0.907627118644068,1,0.980645161290323,0.968477531857813,0.969196373121351,0.972065348931021,0.982222222222222,0.993407252022775
"hsa00280.xml-1",0.610616929698709,0.522407170294494,0.721244500314268,0.707557502738226,0.579545454545455,0.544,0.488571428571429,0.575757575757576,0.695454545454545,0.341772151898734,0.635164835164835,0.675935550935551,0.322105263157895,0.514285714285714,0.554347826086956,0.604545454545454,0.686111111111111,0.52987012987013,0.31875,0.595,0.551682692307692,0.496753246753247,0.534285714285714,0.285071267816954,0.532173913043478,0.369979716024341,0.739130434782609,0.689371852637159,0.492277992277992,0.448945147679325,0.615131578947368,0.567717996289425,0.394805194805195,0.739130434782609,0.651960784313725,0.557611438183347,0.690909090909091,0.590733590733591,0.724260355029586,0.663,0.593023255813953,0.438672438672439,0.591964285714286,0.578947368421053,0.684782608695652,0.437142857142857,0.439024390243902,0.529281418170307,0.643026004728132,0.375921375921376,0.617886178861789,0.612668365489625,0.787644787644788,0.511387163561077,0.478125,0.621951219512195,0.820131030375223,0.499178981937603,0.496395097332372,0.449704142011834,0.329032258064516,0.749082007343941,0.600790513833992,0.480045937410278,0.615871190339276,0.61569416498994,0.414473684210526,0.564864864864865,0.646808510638298,0.51,0.28021978021978,0.603550295857988,0.804232804232804,0.463414634146341,0.705533596837945,0.546428571428571,0.484177215189873,0.45385629531971,0.550664451827243,0.448351648351648,0.586872586872587,0.551612903225806,0.547406082289803,0.59850640113798,0.514718250630782,0.468427095292767,0.529615384615385,0.553846153846154,0.517006802721088,0.474191718661373,0.334310850439883,0.415868673050616,0.380281690140845,0.334617501375894,0.578260869565217,0.608608608608609,0.579545454545455,0.61025641025641,0.415384615384615,0.593023255813953
"hsa00280.xml-2",0.877140729709605,0.9375,0.969656231995391,0.981220657276995,0.916666666666667,0.876643073811931,0.921690921690922,0.936825885978429,0.966130884041332,0.871794871794872,0.90318772136954,0.902397260273973,0.827826086956522,0.932142857142857,0.892024253731343,0.833776595744681,0.874211502782931,0.861486486486486,0.708333333333333,0.809523809523809,0.793921423276501,0.864406779661017,0.923541247484909,0.760760760760761,0.798872180451128,0.91239454899416,0.860625,0.923696126111018,0.805263157894737,0.780821917808219,0.868297455968689,0.979107848673066,0.810666666666667,0.884888059701493,0.853932584269663,0.827798507462687,0.85972850678733,0.922191780821918,0.927272727272727,0.848911651728553,0.718905472636816,0.78961038961039,0.792621664050235,0.95,0.943548387096774,1,0.82996632996633,0.771272443403591,0.875147928994083,0.797441364605544,0.820551005212211,0.886100386100386,0.939537080774681,0.787075393537697,0.867030965391621,0.862781954887218,0.934065934065934,0.760845383759733,0.838028169014084,0.893162393162393,0.712380952380952,0.970890410958904,0.91239454899416,0.763052208835341,0.878300803673938,0.869936034115139,0.821978021978022,0.742913000977517,1,0.896011396011396,0.932571428571428,0.90625,1,0.66682059570538,0.951737451737452,0.817845394736842,0.822438009363621,0.796875,0.852272727272727,0.801346801346801,0.771068564882998,0.881856540084388,0.918918918918919,0.952479767586636,0.84902411021814,0.924635620334163,0.886956521739131,0.953389830508474,0.730584366304073,0.835820895522388,0.801054018445323,0.742429176164116,0.760757314974182,0.848214285714286,0.860992039191672,0.942857142857143,0.805263157894737,0.839938239835306,0.806111696522655,0.827524038461538
"hsa00280.xml-3",0.861538461538462,0.82258064516129,0.942118226600985,0.981220657276995,0.881481481481481,0.876643073811931,0.833855799373041,0.860215053763441,0.845490716180371,0.776442307692308,0.809095716552089,0.902397260273973,0.724736842105263,0.932142857142857,0.892024253731343,0.833776595744681,0.774074074074074,0.838815789473684,0.705834464043419,0.75635593220339,0.706534287693373,0.855944055944056,0.809134615384615,0.760760760760761,0.779286926994907,0.792256142963514,0.860625,0.911256700416915,0.791666666666667,0.666666666666667,0.764235764235764,0.867777383906416,0.775510204081633,0.884888059701493,0.853932584269663,0.817307692307692,0.807326007326007,0.814349584841388,0.847826086956522,0.851351351351351,0.799292214357937,0.64,0.710471325748781,0.947293447293447,0.860625,1,0.733125,0.727272727272727,0.841904761904762,0.781241601719968,0.820551005212211,0.886100386100386,0.939537080774681,0.787075393537697,0.819642857142857,0.826878039992794,0.936476426799007,0.760845383759733,0.838028169014084,0.715447154471545,0.65948275862069,0.970890410958904,0.822510822510822,0.704355885078777,0.878300803673938,0.738157894736842,0.608695652173913,0.760165253315938,0.957983193277311,0.806962025316456,0.887045181927229,0.880434782608696,1,0.605899548232793,0.848286290322581,0.772049144361562,0.80952380952381,0.663182049974503,0.836065573770492,0.7409200968523,0.745098039215686,0.780487804878049,0.868297455968689,0.827027027027027,0.715371127995324,0.7409200968523,0.846320346320346,0.809095716552089,0.708624708624709,0.835820895522388,0.7125,0.74025974025974,0.759305210918114,0.810325476992144,0.788148148148148,0.904761904761905,0.767000871839582,0.82258064516129,0.751578947368421,0.827524038461538
"hsa00280.xml-4",0.689002759164367,0.913223140495868,0.894736842105263,0.904761904761905,0.916666666666667,0.776086956521739,0.835547411818598,0.76845298281092,0.993674089068826,0.777142857142857,0.809095716552089,0.628767123287671,0.761194029850746,0.932142857142857,0.892024253731343,0.833776595744681,0.851628968665698,0.861486486486486,0.674603174603175,0.696862348178138,0.551682692307692,0.927272727272727,0.83955223880597,0.754342431761787,0.696811971372804,0.91239454899416,0.860625,0.794805194805195,0.818911685994648,0.654545454545455,0.753694581280788,0.983060747663551,0.775510204081633,0.82258064516129,0.853932584269663,0.725431034482759,0.85972850678733,0.675124103695532,0.778421052631579,0.708333333333333,0.799292214357937,0.965079365079365,0.696811971372804,0.775166297117517,0.807724367879967,0.979661016949153,0.538461538461538,0.867427568042142,0.794805194805195,0.844206426484908,0.806366047745358,0.794805194805195,0.939537080774681,0.683760683760684,0.864406779661017,0.796356538711776,0.934065934065934,0.708624708624709,0.837121212121212,0.715447154471545,0.628152492668622,0.970890410958904,0.760845383759733,0.759620189905047,0.615871190339276,0.738157894736842,0.863013698630137,0.715447154471545,0.855534709193246,0.538461538461538,0.932571428571428,0.713286713286713,0.94901144640999,0.648648648648649,0.729657228017884,0.776321353065539,0.684257602862254,0.53125,0.762820512820513,0.868681318681319,0.818461538461538,0.777272727272727,0.686868686868687,0.781550480769231,0.66457528957529,0.789285714285714,0.753694581280788,0.875849731663685,0.792256142963515,0.662309368191721,0.7125,0.487179487179487,0.547406082289803,0.851724137931035,0.860992039191672,0.942857142857143,0.708333333333333,0.616935483870968,0.699055741699665,0.774291497975709
"hsa00290.xml-1",NA,NA,NA,NA,NA,NA,NA,NA,NA,NA,NA,NA,NA,NA,NA,NA,NA,NA,NA,NA,NA,NA,NA,NA,NA,NA,NA,NA,NA,NA,NA,NA,NA,NA,NA,NA,NA,NA,NA,NA,NA,NA,NA,NA,NA,NA,NA,NA,NA,NA,NA,NA,NA,NA,NA,NA,NA,NA,NA,NA,NA,NA,NA,NA,NA,NA,NA,NA,NA,NA,NA,NA,NA,NA,NA,NA,NA,NA,NA,NA,NA,NA,NA,NA,NA,NA,NA,NA,NA,NA,NA,NA,NA,NA,NA,NA,NA,NA,NA,NA
"hsa00310.xml-1",0.979708761040821,0.968720468720469,0.969656231995391,0.981220657276995,0.921513269339356,1,0.972390572390572,0.994565820117556,0.993674089068826,0.955772113943028,0.962587031289321,0.927272727272727,0.967633928571428,0.982993197278912,1,1,0.934426229508197,0.972457627118644,0.89639683624646,0.921923076923077,0.97781954887218,0.967447306791569,0.940711462450593,0.935606060606061,0.962814645308925,1,0.936188811188811,0.944055944055944,0.991666666666667,0.962460425146992,0.9945,0.983060747663551,0.967515364354697,0.970108695652174,0.982626262626263,0.95558639833449,0.982373678025852,0.95937840785169,0.968978102189781,0.999172185430464,0.933238636363636,0.987012987012987,0.954325955734406,0.987715862560085,0.944444444444444,1,0.948214285714286,0.96570728720147,0.974950560316414,0.923048510219158,0.98160469667319,0.966315789473684,0.998260113092649,0.98320292123109,0.949370503597122,0.974941875484371,0.957973626790627,0.977355325691921,0.971590909090909,0.997105923210496,0.935779816513761,0.970890410958904,0.922143579373104,0.945273631840796,0.985683607730852,0.957509881422925,0.960389610389611,0.963497267759563,1,0.993415637860082,0.966758241758242,1,1,0.888624653190646,0.960945529290853,0.965576592082616,0.955503512880562,0.948837209302326,0.983696900114811,0.967633928571429,0.968269230769231,0.961818961818962,0.968944099378882,0.974219599316664,0.929178734934131,0.950120192307692,0.96119733924612,1,0.970360237118103,0.985988583290088,0.964179104477612,0.915306915306915,0.915318503538928,1,0.994547437295529,0.968477531857813,0.999506964131641,0.972065348931021,0.982222222222222,0.993407252022775
"hsa00310.xml-2",0.689002759164367,0.780612244897959,0.826388888888889,0.762541806020067,0.682382924498248,0.544,0.819407008086253,0.784516129032258,0.731707317073171,0.364285714285714,0.651063829787234,0.555959302325581,0.403846153846154,0.610372340425532,0.554347826086956,0.631229235880399,0.738581146744412,0.680215941568752,0.427033492822966,0.590733590733591,0.559210526315789,0.791834387579068,0.551351351351351,0.454545454545455,0.532173913043478,0.529616724738676,0.739130434782609,0.689371852637159,0.697265625,0.531468531468531,0.715324675324675,0.613636363636364,0.43956043956044,0.739130434782609,0.625146886016451,0.6,0.685872960777508,0.675124103695532,0.724260355029586,0.708333333333333,0.705882352941176,0.537966537966538,0.602727272727273,0.775166297117517,0.684782608695652,0.641387195121951,0.538461538461538,0.681818181818182,0.571606475716065,0.665439946470391,0.628099173553719,0.758928571428571,0.846792452830189,0.637316561844864,0.541505791505791,0.621951219512195,0.749082007343941,0.601522070015221,0.713286713286713,0.647727272727273,0.392307692307692,0.749082007343941,0.600790513833992,0.38974358974359,0.615871190339276,0.695454545454545,0.442036836403034,0.605392156862745,0.646808510638298,0.51,0.581564776686728,0.745659457812976,0.829170255526845,0.463414634146341,0.705533596837945,0.6463133640553,0.484177215189873,0.45385629531971,0.550664451827243,0.646739130434783,0.668761785040855,0.707945205479452,0.612,0.75,0.514718250630782,0.558208955223881,0.584375,0.678793256433008,0.651428571428571,0.493506493506494,0.531468531468531,0.415868673050616,0.632978723404255,0.624413145539906,0.578260869565217,0.709838107098381,0.579545454545455,0.578151837856407,0.583079268292683,0.567086730911787
"hsa00310.xml-3",0.979708761040821,0.968720468720469,0.969656231995391,0.981220657276995,0.921513269339356,0.999183673469388,0.972390572390572,0.994565820117556,0.993674089068826,0.955772113943028,0.959677419354839,0.927272727272727,0.967633928571428,0.982993197278912,0.97787610619469,1,0.915437561455261,0.972457627118644,0.883116883116883,0.907954545454545,0.97781954887218,0.967447306791569,0.940711462450593,0.88899950223992,0.959395559210526,1,0.936188811188811,0.944055944055944,0.969298245614035,0.962460425146992,0.9945,0.983060747663551,0.967515364354697,0.970108695652174,0.982626262626263,0.95558639833449,0.982373678025852,0.95937840785169,0.968978102189781,0.945741758241758,0.933238636363636,0.965079365079365,0.933141542002301,0.987715862560085,0.944444444444444,1,0.942360728075014,0.943813418143268,0.974950560316414,0.923048510219158,0.98160469667319,0.966315789473684,0.959581881533101,0.961720974375198,0.949370503597122,0.974941875484371,0.957973626790627,0.939027665860865,0.971590909090909,0.993325917686318,0.935779816513761,0.970890410958904,0.922143579373104,0.942332436542286,0.985683607730852,0.957509881422925,0.955025608194622,0.963497267759563,1,0.980769230769231,0.966758241758242,1,1,0.828714220808723,0.960945529290853,0.957746478873239,0.955503512880562,0.930214115781126,0.966315789473684,0.965661103979461,0.952177234530176,0.961818961818962,0.928865979381443,0.96469104665826,0.909090909090909,0.924635620334163,0.96119733924612,1,0.970360237118103,0.985988583290088,0.964179104477612,0.915306915306915,0.907627118644068,1,0.980645161290323,0.968477531857813,0.990572467060427,0.972065348931021,0.982222222222222,0.993407252022775
"hsa00330.xml-1",0.689002759164367,0.59850640113798,0.720652173913043,0.706976744186047,0.614682249817385,0.544,0.678571428571428,0.623376623376623,0.596103896103896,0.287323943661972,0.635164835164835,0.555959302325581,0.39906103286385,0.535714285714286,0.542168674698795,0.482539682539682,0.686111111111111,0.52987012987013,0.427033492822966,0.588461538461538,0.551682692307692,0.586411149825784,0.516697936210131,0.449371766444937,0.532173913043478,0.463238095238095,0.739130434782609,0.642857142857143,0.505952380952381,0.531468531468531,0.624125874125874,0.525171624713959,0.43956043956044,0.739130434782609,0.603174603174603,0.598825831702544,0.394463667820069,0.594405594405594,0.724260355029586,0.708333333333333,0.612700228832952,0.361259655377302,0.566666666666667,0.578947368421053,0.646198830409357,0.455583126550869,0.416083916083916,0.529281418170307,0.571606475716065,0.400174367916303,0.617886178861789,0.607142857142857,0.787644787644788,0.59943661971831,0.541505791505791,0.621951219512195,0.631756756756757,0.499178981937603,0.496395097332372,0.499530516431925,0.392307692307692,0.584415584415584,0.529616724738676,0.38974358974359,0.615871190339276,0.61569416498994,0.414473684210526,0.605392156862745,0.646808510638298,0.470769230769231,0.581564776686728,0.72626582278481,0.804232804232804,0.462885420631899,0.662337662337662,0.490384615384615,0.546754020250149,0.352534562211982,0.5625,0.504284772577456,0.658008658008658,0.55609756097561,0.3984375,0.68,0.514718250630782,0.468427095292767,0.584375,0.588461538461538,0.631229235880399,0.415584415584416,0.357226792009401,0.296296296296296,0.653846153846154,0.48,0.516129032258065,0.755555555555556,0.579545454545455,0.522898154477102,0.53014553014553,0.6375
"hsa00330.xml-2",0.392258064516129,0.691056910569106,0.826388888888889,0.562962962962963,0.863322884012539,0.544,0.413525068013991,0.620408163265306,0.596103896103896,0.478125,0.693877551020408,0.555959302325581,0.498913043478261,0.560850439882698,0.780612244897959,0.482539682539682,0.738581146744412,0.728571428571429,0.45,0.590733590733591,0.437142857142857,0.627906976744186,0.539112050739958,0.487179487179487,0.612,0.806060606060606,0.765,0.689371852637159,0.4482421875,0.603174603174603,0.514285714285714,0.463636363636364,0.775510204081633,0.739130434782609,0.419310344827586,0.431390977443609,0.556776556776557,0.650510204081633,0.724260355029586,0.708333333333333,0.590733590733591,0.537966537966538,0.566666666666667,0.695970695970696,0.441346153846154,0.683035714285714,0.477130977130977,0.679785330948122,0.794805194805195,0.508869179600887,0.287334593572779,0.751227495908347,0.790697674418605,0.374384236453202,0.765,0.678793256433008,0.823846153846154,0.499178981937603,0.290506329113924,0.671637669152168,0.463636363636364,0.785766691122524,0.431818181818182,0.557359874279728,0.615871190339276,0.663414634146341,0.516891891891892,0.482539682539682,0.59375,0.364285714285714,0.730769230769231,0.590733590733591,0.761904761904762,0.462885420631899,0.490384615384615,0.490384615384615,0.527131782945736,0.514429812272345,0.582857142857143,0.448351648351648,0.658008658008658,0.55609756097561,0.490384615384615,0.519230769230769,0.654545454545455,0.496753246753247,0.584375,0.51,0.542857142857143,0.317659352142111,0.638655462184874,0.415868673050616,0.34,0.544802867383513,0.536585365853659,0.825614636935392,0.548780487804878,0.616935483870968,0.745614035087719,0.56405529953917
"hsa00330.xml-3",0.979708761040821,0.968720468720469,0.969656231995391,0.981220657276995,0.921513269339356,0.876643073811931,0.969547325102881,0.943493150684931,0.993674089068826,0.91190165766437,0.891868259982512,0.855835240274599,0.761194029850746,0.942781690140845,0.892024253731343,1,0.878424657534246,0.886363636363636,0.805545805545806,0.784615384615385,0.772727272727273,0.967447306791569,0.83955223880597,0.686868686868687,0.880357142857143,1,0.854218362282879,0.857142857142857,0.969298245614035,0.780821917808219,0.975903614457831,0.978678038379531,0.868571428571429,0.93,0.893713251922207,0.95558639833449,0.85972850678733,0.922191780821918,0.847826086956522,0.867586206896552,0.795566502463054,0.965079365079365,0.790540540540541,0.825,0.865384615384615,1,0.722720831365139,0.943813418143268,0.878099173553719,0.844206426484908,0.868571428571429,0.893865628042843,0.939537080774681,0.898550724637681,0.949370503597122,0.866776315789474,0.934065934065934,0.923921568627451,0.971590909090909,0.993325917686318,0.819810165339865,0.970890410958904,0.922143579373104,0.921690921690922,0.878300803673938,0.84375,0.825075834175935,0.821799307958478,1,0.840659340659341,0.966758241758242,1,1,0.881869460112812,0.960869565217391,0.957746478873239,0.827027027027027,0.819642857142857,0.852272727272727,0.87288286682118,0.906984906984907,0.879799344009261,0.807692307692308,0.96469104665826,0.771428571428571,0.893575600259572,0.753694581280788,0.955479452054794,0.970360237118103,0.904761904761905,0.764438676184296,0.74025974025974,0.7699189264747,1,0.860992039191672,0.957037037037037,0.90368014538846,0.842156386595435,0.926670992861778,0.928907168037603
"hsa00330.xml-4",0.271186440677966,0.298245614035088,0.308467741935484,0.38,0.26984126984127,0.294230769230769,0.210526315789474,0.330434782608696,0.316770186335404,0.235023041474654,0.346153846153846,0.310344827586207,0.235023041474654,0.236842105263158,0.263793103448276,0.367149758454106,0.308316430020284,0.276506024096386,0.182795698924731,0.272727272727273,0.36,0.267482517482518,0.310344827586207,0.243589743589744,0.289772727272727,0.351851851851852,0.280905752753978,0.287593984962406,0.298051948051948,0.316666666666667,0.274193548387097,0.28125,0.246753246753247,0.368378812199037,0.319327731092437,0.303571428571429,0.235294117647059,0.34,0.22972972972973,0.255,0.22972972972973,0.267018006148441,0.322784810126582,0.343891402714932,0.309716599190283,0.359154929577465,0.286875,0.314699792960663,0.329741379310345,0.276422764227642,0.287334593572779,0.25,0.366028708133971,0.271428571428571,0.329741379310345,0.353961827646038,0.28021978021978,0.262068965517241,0.290506329113924,0.245161290322581,0.329032258064516,0.439655172413793,0.267920094007051,0.287334593572779,0.271276595744681,0.232876712328767,0.28021978021978,0.268077601410935,0.262068965517241,0.283333333333333,0.255,0.274193548387097,0.344671201814059,0.262068965517241,0.263339070567986,0.273214285714286,0.332608695652174,0.255,0.276923076923077,0.354823747680891,0.28952380952381,0.285,0.283333333333333,0.400313971742543,0.346153846153846,0.242857142857143,0.416326530612245,0.257575757575758,0.431818181818182,0.249589490968801,0.357226792009401,0.226190476190476,0.283333333333333,0.287878787878788,0.354312354312354,0.308316430020284,0.246376811594203,0.3,0.402631578947368,0.352534562211982
"hsa00330.xml-5",0.979708761040821,0.968720468720469,0.969656231995391,0.981220657276995,0.921513269339356,1,0.972390572390572,0.994565820117556,0.993674089068826,0.955772113943028,0.959677419354839,0.927272727272727,0.967633928571428,0.982993197278912,1,1,0.915437561455261,0.977459016393443,0.89639683624646,0.907954545454545,0.97781954887218,0.967447306791569,0.940711462450593,0.935606060606061,0.959395559210526,1,0.936188811188811,0.944055944055944,0.969298245614035,0.962460425146992,0.99680170575693,1,0.967515364354697,0.970108695652174,0.982626262626263,0.95558639833449,0.982373678025852,0.95937840785169,0.968978102189781,0.999172185430464,0.933238636363636,0.965079365079365,0.943100995732575,0.987715862560085,0.944444444444444,1,0.942360728075014,0.96570728720147,0.994152046783626,0.923048510219158,0.98160469667319,0.966315789473684,0.998260113092649,0.98320292123109,0.949370503597122,0.974941875484371,0.957973626790627,0.977355325691921,0.971590909090909,0.993325917686318,0.944444444444444,0.970890410958904,0.922143579373104,0.945273631840796,0.985683607730852,0.957509881422925,0.960389610389611,0.963497267759563,1,0.980769230769231,0.966758241758242,1,1,0.898109243697479,0.960945529290853,0.96469104665826,0.955503512880562,0.948837209302326,0.983696900114811,0.967633928571429,0.968269230769231,0.961818961818962,0.968944099378882,0.96469104665826,0.921275646743979,0.924635620334163,0.96119733924612,1,0.970360237118103,0.985988583290088,0.964179104477612,0.915306915306915,0.912670007158196,1,0.980645161290323,0.968477531857813,0.990572467060427,0.972065348931021,0.982222222222222,0.993407252022775
"hsa00330.xml-6",0.979708761040821,0.968720468720469,0.969656231995391,0.981220657276995,0.921513269339356,1,0.972390572390572,0.994565820117556,0.993674089068826,0.955772113943028,0.962587031289321,0.927272727272727,0.991258741258741,0.982993197278912,0.97787610619469,1,0.948434188839181,0.99498933901919,0.883116883116883,0.941538461538462,0.999364964165835,0.967447306791569,0.940711462450593,0.835164835164835,0.959395559210526,1,0.936188811188811,0.944055944055944,0.977982954545455,0.962460425146992,0.987432065217391,1,0.967515364354697,0.970108695652174,0.982626262626263,0.95558639833449,0.982373678025852,0.95937840785169,0.968354430379747,0.999172185430464,0.933238636363636,0.987012987012987,0.954325955734406,0.987715862560085,0.983876980428705,1,0.980357142857143,0.96570728720147,0.99170339642209,0.923048510219158,0.98160469667319,0.99010989010989,1,0.961720974375198,0.949370503597122,0.974941875484371,0.957973626790627,0.977355325691921,0.971590909090909,0.997105923210496,0.944444444444444,0.970890410958904,0.922143579373104,0.945273631840796,0.985683607730852,0.957509881422925,0.979337450870298,0.969807451293152,1,0.980769230769231,0.966758241758242,1,1,0.955331088664422,0.960945529290853,0.957746478873239,0.963031914893617,0.933290071382219,0.983696900114811,0.969290239450231,0.968269230769231,0.96222498962225,0.980151228733459,0.96469104665826,0.923100521525719,0.967908902691511,0.96119733924612,1,0.970360237118103,0.985988583290088,0.979416502595311,0.915306915306915,0.907627118644068,1,0.980645161290323,0.968477531857813,0.990572467060427,0.990454246214615,0.982222222222222,0.993407252022775
"hsa00340.xml-1",0.979708761040821,0.968720468720469,1,0.981220657276995,0.93508956796628,1,0.972390572390572,0.995695302264645,0.993674089068826,0.955772113943028,0.964285714285714,0.927272727272727,0.991258741258741,0.989224137931035,1,1,0.998498498498498,1,0.939762931034483,0.937998843262001,0.999364964165835,0.972663699936427,1,0.96289592760181,1,1,0.936188811188811,0.944055944055944,0.997056968677738,0.977012746486545,0.998121972916873,1,0.979276280468163,0.970108695652174,0.982626262626263,0.961094224924012,0.982373678025852,0.97236805747444,0.973862405200433,0.999172185430464,0.933238636363636,0.987012987012987,0.954325955734406,0.987715862560085,0.999735099337748,1,0.982394366197183,0.96570728720147,0.994152046783626,0.923048510219158,0.98160469667319,1,1,0.987350427350427,0.949370503597122,0.989120151371807,0.964047442550037,0.977355325691921,0.992177045805456,0.997105923210496,0.954710144927536,0.991267605633803,0.960348583877996,0.9647730879086,0.991253644314869,0.989792984473836,0.98494271685761,0.969807451293152,1,1,0.966758241758242,1,1,0.95689287238583,0.971484645578388,1,0.963031914893617,0.992585727525487,1,0.969290239450231,0.979007633587786,0.96222498962225,0.980151228733459,0.975164835164835,0.929178734934131,0.967908902691511,0.989120151371807,1,0.982788452782078,0.986259541984733,0.979416502595311,0.915306915306915,0.910714285714286,1,1,0.968477531857813,0.999506964131641,0.990454246214615,0.989297658862876,0.993506493506493
"hsa00340.xml-2",0.983011583011583,0.968720468720469,0.986236933797909,0.981220657276995,0.921513269339356,1,0.982174688057041,0.995695302264645,0.993674089068826,0.955772113943028,0.962587031289321,0.940711462450593,0.991258741258741,0.989224137931035,1,1,0.947214076246334,0.99498933901919,0.89639683624646,0.937998843262001,0.981226679104478,0.967447306791569,0.940711462450593,0.988745482705214,0.959395559210526,1,0.936188811188811,0.944055944055944,0.996428571428571,0.962460425146992,0.998121972916873,1,0.967515364354697,0.970108695652174,0.986372485399092,0.95558639833449,0.982373678025852,0.95937840785169,0.973862405200433,0.999172185430464,0.933238636363636,0.987012987012987,0.954325955734406,0.987715862560085,0.983876980428705,1,0.989224137931034,0.96570728720147,0.99170339642209,0.923048510219158,0.988179669030733,0.99010989010989,1,0.987350427350427,0.949370503597122,0.974941875484371,0.964047442550037,0.977355325691921,0.971590909090909,0.997105923210496,0.954710144927536,0.970890410958904,0.922143579373104,0.945273631840796,0.991253644314869,0.989792984473836,0.976410256410256,0.974682144831399,1,0.993415637860082,0.966758241758242,1,1,0.942973037461227,0.960945529290853,1,0.983876980428705,0.992585727525487,0.983696900114811,0.969290239450231,0.987350427350427,0.96222498962225,0.980151228733459,0.96469104665826,0.929178734934131,0.967908902691511,0.978260869565217,1,0.982788452782078,0.986259541984733,0.979416502595311,0.915306915306915,0.935651697699891,1,1,0.968477531857813,0.999506964131641,0.972686602307511,0.989297658862876,0.993407252022775
"hsa00340.xml-3",0.396349413298566,0.461770623742455,0.684053651266766,0.38,0.455938697318008,0.52987012987013,0.511784511784512,0.417582417582418,0.397144711226476,0.161904761904762,0.605769230769231,0.555959302325581,0.239811912225705,0.518292682926829,0.51864406779661,0.367149758454106,0.564007421150278,0.485714285714286,0.421875,0.514903846153846,0.437142857142857,0.470286885245902,0.499300699300699,0.226190476190476,0.417543859649123,0.434285714285714,0.48234552332913,0.607142857142857,0.4482421875,0.34902411021814,0.442409638554217,0.458541458541459,0.261768082663605,0.739130434782609,0.419310344827586,0.388747731397459,0.296875,0.437142857142857,0.724260355029586,0.466666666666667,0.477130977130977,0.149019607843137,0.430985915492958,0.492592592592593,0.616935483870968,0.62027027027027,0.416083916083916,0.267605633802817,0.554347826086956,0.400174367916303,0.287334593572779,0.388571428571429,0.708333333333333,0.296875,0.541505791505791,0.511705685618729,0.331168831168831,0.357647058823529,0.380597014925373,0.452380952380952,0.255639097744361,0.3375,0.496732026143791,0.287334593572779,0.3825,0.512276785714286,0.362130177514793,0.460606060606061,0.544802867383513,0.349714285714286,0.255,0.53125,0.367149758454106,0.300395256916996,0.627049180327869,0.490384615384615,0.332608695652174,0.303571428571429,0.550664451827243,0.448351648351648,0.419310344827586,0.502598016060463,0.3825,0.59850640113798,0.514718250630782,0.468427095292767,0.510567296996663,0.51,0.498827941865917,0.272238805970149,0.265734265734266,0.139705882352941,0.331168831168831,0.535588442565187,0.516129032258065,0.487179487179487,0.53125,0.522898154477102,0.415384615384615,0.439655172413793
"hsa00350.xml-1",0.174913693901036,0.217329545454545,0.235384615384615,0.234567901234568,0.213986013986014,0.221739130434783,0.150793650793651,0.258503401360544,0.14010989010989,0.161904761904762,0.219827586206897,0.277173913043478,0.235023041474654,0.182142857142857,0.263793103448276,0.14100185528757,0.2,0.1875,0.142857142857143,0.213986013986014,0.217329545454545,0.196153846153846,0.310344827586207,0.177156177156177,0.168131868131868,0.159663865546219,0.167763157894737,0.287593984962406,0.28125,0.226865671641791,0.253731343283582,0.207598371777476,0.151243781094527,0.283858998144712,0.225185185185185,0.173863636363636,0.166666666666667,0.228358208955224,0.190298507462687,0.235384615384615,0.151785714285714,0.149019607843137,0.195902688860435,0.194871794871795,0.224340175953079,0.217329545454545,0.160714285714286,0.164502164502164,0.220779220779221,0.198701298701299,0.146153846153846,0.242857142857143,0.20958904109589,0.183574879227053,0.151785714285714,0.223684210526316,0.147683397683398,0.186274509803922,0.289772727272727,0.237871674491393,0.158385093167702,0.154545454545455,0.160676532769556,0.157349896480331,0.196153846153846,0.198701298701299,0.225,0.166666666666667,0.183574879227053,0.156122448979592,0.1275,0.223684210526316,0.162393162393162,0.178403755868545,0.228017883755589,0.273214285714286,0.195902688860435,0.161904761904762,0.210743801652893,0.132467532467532,0.215909090909091,0.148727984344423,0.283333333333333,0.400313971742543,0.245192307692308,0.172297297297297,0.26984126984127,0.213986013986014,0.186274509803922,0.133333333333333,0.144761904761905,0.139705882352941,0.283333333333333,0.191919191919192,0.205405405405405,0.187654320987654,0.246376811594203,0.205645161290323,0.28544776119403,0.346153846153846
"hsa00350.xml-2",0.592015579357351,0.461770623742455,0.684053651266766,0.706976744186047,0.6,0.52987012987013,0.413525068013991,0.357436801881246,0.508547008547009,0.255,0.635164835164835,0.555959302325581,0.341137123745819,0.468367346938776,0.542168674698795,0.400263331138907,0.564007421150278,0.575187969924812,0.182795698924731,0.481510621557828,0.551682692307692,0.405835543766578,0.478125,0.226190476190476,0.532173913043478,0.356472795497186,0.647086466165414,0.607142857142857,0.382117882117882,0.48073605520414,0.465753424657534,0.458541458541459,0.202666666666667,0.739130434782609,0.419310344827586,0.413513513513514,0.394463667820069,0.413961038961039,0.653225806451613,0.61569416498994,0.359154929577465,0.361259655377302,0.472222222222222,0.486511202560585,0.612,0.359154929577465,0.416083916083916,0.529281418170307,0.511705685618729,0.263490241102181,0.356305672761369,0.575187969924812,0.734613705805325,0.498509242695289,0.356643356643357,0.621951219512195,0.624773139745916,0.384615384615385,0.482432432432432,0.356807511737089,0.258445945945946,0.453333333333333,0.457142857142857,0.347508001828989,0.612980769230769,0.470046082949309,0.354782608695652,0.460606060606061,0.525432098765432,0.364285714285714,0.310975609756098,0.479623824451411,0.492592592592593,0.31716223265519,0.667857142857143,0.447368421052632,0.451898734177215,0.323809523809524,0.5,0.448351648351648,0.571428571428571,0.40084388185654,0.413194444444444,0.59850640113798,0.514718250630782,0.408,0.510567296996663,0.553846153846154,0.521341463414634,0.285178236397749,0.334310850439883,0.315745741587038,0.307228915662651,0.438461538461538,0.354312354312354,0.589770723104056,0.447368421052632,0.522898154477102,0.359154929577465,0.521590909090909
"hsa00360.xml-1",0.979708761040821,0.968720468720469,0.969656231995391,0.981220657276995,0.921513269339356,0.95625,0.921690921690922,0.943493150684931,0.993674089068826,0.927272727272727,0.959677419354839,0.902397260273973,0.967633928571428,0.943667763157895,0.95625,1,0.915437561455261,0.972457627118644,0.839506172839506,0.907954545454545,0.97781954887218,0.967447306791569,0.940711462450593,0.760760760760761,0.959395559210526,1,0.936188811188811,0.923696126111018,0.969298245614035,0.780821917808219,0.975903614457831,0.983060747663551,0.826086956521739,0.970108695652174,0.952604778691735,0.95558639833449,0.982373678025852,0.95937840785169,0.968978102189781,0.91820987654321,0.825910931174089,0.965079365079365,0.900779220779221,0.907075873827792,0.944444444444444,1,0.932926829268293,0.943813418143268,0.958974358974359,0.887362637362637,0.868571428571429,0.966315789473684,0.959581881533101,0.916863362182009,0.949370503597122,0.974941875484371,0.950657894736842,0.939027665860865,0.971590909090909,0.993325917686318,0.826388888888889,0.970890410958904,0.922143579373104,0.942332436542286,0.946447507953341,0.957509881422925,0.955025608194622,0.96,1,0.980769230769231,0.966758241758242,1,1,0.853222453222453,0.960869565217391,0.957746478873239,0.904090909090909,0.896089174381258,0.966315789473684,0.87288286682118,0.906984906984907,0.961818961818962,0.920208500400962,0.96469104665826,0.898373983739837,0.924635620334163,0.96119733924612,1,0.970360237118103,0.903119326621555,0.964179104477612,0.828144458281445,0.775337837837838,1,0.860992039191672,0.968477531857813,0.967771084337349,0.972065348931021,0.960090361445783,0.993407252022775
"hsa00360.xml-2",0.271186440677966,0.217329545454545,0.235384615384615,0.234567901234568,0.213986013986014,0.221739130434783,0.158333333333333,0.263888888888889,0.145714285714286,0.161904761904762,0.221739130434783,0.277173913043478,0.235023041474654,0.182142857142857,0.263793103448276,0.14100185528757,0.215909090909091,0.1875,0.142857142857143,0.213986013986014,0.217329545454545,0.220779220779221,0.310344827586207,0.177156177156177,0.168131868131868,0.159663865546219,0.179156908665105,0.287593984962406,0.28125,0.226865671641791,0.253731343283582,0.207598371777476,0.151243781094527,0.368378812199037,0.319327731092437,0.1875,0.185592185592186,0.228358208955224,0.206477732793522,0.235384615384615,0.151785714285714,0.149019607843137,0.195902688860435,0.194871794871795,0.224340175953079,0.217329545454545,0.160714285714286,0.169453734671126,0.231818181818182,0.209016393442623,0.155102040816327,0.242857142857143,0.20958904109589,0.183574879227053,0.151785714285714,0.223684210526316,0.147826086956522,0.186274509803922,0.289772727272727,0.245161290322581,0.158385093167702,0.154545454545455,0.167032967032967,0.157349896480331,0.19921875,0.198701298701299,0.28021978021978,0.255892255892256,0.183574879227053,0.156122448979592,0.1275,0.274193548387097,0.162393162393162,0.262068965517241,0.228017883755589,0.273214285714286,0.195902688860435,0.161904761904762,0.210743801652893,0.140625,0.215909090909091,0.148727984344423,0.283333333333333,0.400313971742543,0.326226012793177,0.175660160734788,0.26984126984127,0.213986013986014,0.186274509803922,0.135472370766488,0.144761904761905,0.139705882352941,0.283333333333333,0.191919191919192,0.205405405405405,0.267605633802817,0.246376811594203,0.205645161290323,0.28544776119403,0.346153846153846
"hsa00380.xml-1",0.979708761040821,0.968720468720469,0.969656231995391,0.981220657276995,0.921513269339356,1,0.972390572390572,0.994565820117556,0.993674089068826,0.955772113943028,0.959677419354839,0.927272727272727,0.967633928571428,0.982993197278912,0.97787610619469,1,0.915437561455261,0.972457627118644,0.893691588785047,0.921923076923077,0.97781954887218,0.967447306791569,0.940711462450593,0.935606060606061,0.959395559210526,1,0.936188811188811,0.944055944055944,0.977982954545455,0.962460425146992,0.9945,0.988041138483616,0.967515364354697,0.970108695652174,0.982626262626263,0.95558639833449,0.982373678025852,0.95937840785169,0.968978102189781,0.999172185430464,0.933238636363636,0.983874630933454,0.933141542002301,0.987715862560085,0.944444444444444,1,0.945741758241758,0.96570728720147,0.970445344129555,0.923048510219158,0.98160469667319,0.966315789473684,0.998260113092649,0.98320292123109,0.949370503597122,0.974941875484371,0.957973626790627,0.977355325691921,0.971590909090909,0.993325917686318,0.944444444444444,0.970890410958904,0.922143579373104,0.945273631840796,0.985683607730852,0.957509881422925,0.960389610389611,0.969807451293152,1,0.993415637860082,0.966758241758242,1,1,0.883370756835293,0.960945529290853,0.957746478873239,0.963031914893617,0.934065934065934,0.983696900114811,0.965661103979461,0.954656862745098,0.961818961818962,0.971428571428571,0.96469104665826,0.921275646743979,0.924635620334163,0.96119733924612,1,0.970360237118103,0.986259541984733,0.964179104477612,0.925373134328358,0.907627118644068,1,0.980645161290323,0.968477531857813,0.990572467060427,0.972065348931021,0.982222222222222,0.993407252022775
"hsa00380.xml-2",0.271186440677966,0.298245614035088,0.369565217391304,0.337028824833703,0.270956316410862,0.221739130434783,0.150793650793651,0.299802761341223,0.14010989010989,0.217638691322902,0.295366795366795,0.499021526418787,0.235023041474654,0.182142857142857,0.303571428571429,0.298039215686275,0.2,0.276506024096386,0.142857142857143,0.213986013986014,0.437142857142857,0.267482517482518,0.326458036984353,0.177156177156177,0.25,0.159663865546219,0.275675675675676,0.287593984962406,0.354782608695652,0.292307692307692,0.280091533180778,0.28125,0.151243781094527,0.455357142857143,0.319327731092437,0.268421052631579,0.235294117647059,0.309716599190283,0.190298507462687,0.235384615384615,0.151785714285714,0.149019607843137,0.291428571428571,0.343891402714932,0.310135135135135,0.217329545454545,0.286875,0.241269841269841,0.39070480081716,0.217329545454545,0.226358897989576,0.255639097744361,0.322784810126582,0.183574879227053,0.151785714285714,0.393822393822394,0.147683397683398,0.186274509803922,0.290506329113924,0.245161290322581,0.158385093167702,0.154545454545455,0.267920094007051,0.157349896480331,0.271276595744681,0.198701298701299,0.309403437815976,0.287878787878788,0.183574879227053,0.156122448979592,0.1275,0.345567476002259,0.162393162393162,0.262068965517241,0.263339070567986,0.273214285714286,0.195902688860435,0.161904761904762,0.321428571428571,0.132467532467532,0.263203463203463,0.2375,0.283333333333333,0.400313971742543,0.326226012793177,0.391304347826087,0.26984126984127,0.257575757575758,0.186274509803922,0.133333333333333,0.144761904761905,0.139705882352941,0.283333333333333,0.191919191919192,0.296007789678676,0.267605633802817,0.246376811594203,0.205645161290323,0.28544776119403,0.346153846153846
"hsa00380.xml-3",0.979708761040821,0.968720468720469,0.969656231995391,0.981220657276995,0.921513269339356,1,0.972390572390572,0.995695302264645,0.993674089068826,0.955772113943028,0.973404255319149,0.927272727272727,0.967633928571428,0.982993197278912,1,1,0.916666666666667,0.99498933901919,0.89639683624646,0.921923076923077,0.999364964165835,0.967447306791569,0.940711462450593,0.935606060606061,0.959395559210526,1,0.936188811188811,0.944055944055944,0.977982954545455,0.962460425146992,0.998121972916873,1,0.967515364354697,0.970108695652174,0.986159169550173,0.95558639833449,0.982373678025852,0.95937840785169,0.968978102189781,0.999172185430464,0.933238636363636,0.968399592252803,0.954325955734406,0.987715862560085,0.95625,1,0.980357142857143,0.96570728720147,0.994152046783626,0.923048510219158,0.98160469667319,0.966315789473684,1,0.987350427350427,0.949370503597122,0.974941875484371,0.957973626790627,0.977355325691921,0.971590909090909,0.997105923210496,0.944444444444444,0.970890410958904,0.922143579373104,0.945273631840796,0.991253644314869,0.957509881422925,0.960389610389611,0.963497267759563,1,0.980769230769231,0.966758241758242,1,1,0.942973037461227,0.960945529290853,0.986607142857143,0.963031914893617,0.948837209302326,0.983696900114811,0.967633928571429,0.987350427350427,0.96222498962225,0.971428571428571,0.96469104665826,0.921275646743979,0.967908902691511,0.978260869565217,1,0.97962577962578,0.998889300259163,0.964179104477612,0.915306915306915,0.939705882352941,1,0.994547437295529,0.973111395646607,0.990572467060427,0.972065348931021,0.982222222222222,0.993407252022775
"hsa00380.xml-4",0.979708761040821,0.968720468720469,0.969656231995391,0.981220657276995,0.921513269339356,1,0.972390572390572,0.994565820117556,0.993674089068826,0.955772113943028,0.959677419354839,0.927272727272727,0.967633928571428,0.982993197278912,0.97787610619469,1,0.915437561455261,0.972457627118644,0.883116883116883,0.916541865214432,0.97781954887218,0.967447306791569,0.940711462450593,0.935606060606061,0.959395559210526,1,0.936188811188811,0.944055944055944,0.969298245614035,0.962460425146992,0.9945,0.983060747663551,0.967515364354697,0.970108695652174,0.982626262626263,0.95558639833449,0.982373678025852,0.95937840785169,0.968978102189781,0.999172185430464,0.933238636363636,0.965079365079365,0.954325955734406,0.987715862560085,0.944444444444444,1,0.948214285714286,0.96570728720147,0.974950560316414,0.923048510219158,0.98160469667319,0.979591836734694,0.998260113092649,0.98320292123109,0.949370503597122,0.974941875484371,0.957973626790627,0.939027665860865,0.971590909090909,0.993325917686318,0.944444444444444,0.970890410958904,0.922143579373104,0.945273631840796,0.985683607730852,0.957509881422925,0.960389610389611,0.963497267759563,1,0.980769230769231,0.966758241758242,1,1,0.883370756835293,0.960945529290853,0.957746478873239,0.963031914893617,0.933290071382219,0.983696900114811,0.967633928571429,0.954656862745098,0.961818961818962,0.968944099378882,0.96469104665826,0.921275646743979,0.924635620334163,0.96119733924612,1,0.970360237118103,0.985988583290088,0.964179104477612,0.917293233082707,0.910714285714286,1,0.980645161290323,0.968477531857813,0.990572467060427,0.972065348931021,0.982222222222222,0.993407252022775
"hsa00400.xml-1",0.979708761040821,0.968720468720469,0.969656231995391,0.981220657276995,0.921513269339356,0.999183673469388,0.972390572390572,0.994565820117556,0.993674089068826,0.955772113943028,0.959677419354839,0.927272727272727,0.967633928571428,0.982993197278912,0.97787610619469,1,0.915437561455261,0.972457627118644,0.84546493902439,0.907954545454545,0.97781954887218,0.967447306791569,0.940711462450593,0.835164835164835,0.959395559210526,1,0.936188811188811,0.944055944055944,0.969298245614035,0.930730960581707,0.9945,0.983060747663551,0.967515364354697,0.970108695652174,0.982626262626263,0.95558639833449,0.982373678025852,0.95937840785169,0.968978102189781,0.955927051671733,0.89974182444062,0.965079365079365,0.933141542002301,0.947293447293447,0.944444444444444,1,0.942360728075014,0.943813418143268,0.970445344129555,0.887362637362637,0.868571428571429,0.929453262786596,0.959581881533101,0.955163043478261,0.949370503597122,0.974941875484371,0.957973626790627,0.939027665860865,0.971590909090909,0.993325917686318,0.869318181818182,0.970890410958904,0.922143579373104,0.942332436542286,0.978214539426948,0.957509881422925,0.960389610389611,0.960695239976299,1,0.980769230769231,0.966758241758242,1,1,0.883370756835293,0.960945529290853,0.957746478873239,0.92008229150182,0.918118466898955,0.966315789473684,0.965661103979461,0.954656862745098,0.961818961818962,0.959448160535117,0.96469104665826,0.904639175257732,0.924635620334163,0.96119733924612,1,0.970360237118103,0.903119326621555,0.964179104477612,0.779487179487179,0.82875,1,0.980645161290323,0.95959595959596,0.969196373121351,0.972065348931021,0.974005305039788,0.993407252022775
"hsa00410.xml-1",0.503033645890789,0.6,0.684053651266766,0.599713055954089,0.579545454545455,0.547826086956522,0.413525068013991,0.575757575757576,0.596103896103896,0.371697540236866,0.635164835164835,0.555959302325581,0.429775280898876,0.51277754503561,0.540423861852433,0.367149758454106,0.686111111111111,0.575187969924812,0.314814814814815,0.481510621557828,0.551682692307692,0.39906103286385,0.478125,0.285071267816954,0.39063829787234,0.460606060606061,0.470769230769231,0.642857142857143,0.497634535777646,0.48073605520414,0.442409638554217,0.525171624713959,0.441860465116279,0.739130434782609,0.625146886016451,0.413513513513514,0.394463667820069,0.448680351906158,0.44780487804878,0.466666666666667,0.576923076923077,0.438672438672439,0.566666666666667,0.511784511784512,0.521788556271315,0.62027027027027,0.416083916083916,0.529281418170307,0.569620253164557,0.218571428571429,0.617886178861789,0.575187969924812,0.751842751842752,0.534632034632035,0.466666666666667,0.621951219512195,0.522439024390244,0.42373556352051,0.496395097332372,0.559571619812584,0.355813953488372,0.439655172413793,0.431818181818182,0.361904761904762,0.615871190339276,0.463636363636364,0.496430889033095,0.268077601410935,0.536891679748823,0.51,0.280630961115187,0.533101045296167,0.454700854700855,0.31959629941127,0.490384615384615,0.490384615384615,0.462701612903226,0.53125,0.550664451827243,0.448351648351648,0.571428571428571,0.55609756097561,0.3984375,0.59850640113798,0.596103896103896,0.410554561717352,0.526980482204363,0.593023255813953,0.521341463414634,0.272238805970149,0.334310850439883,0.401850627891606,0.538149350649351,0.48,0.516129032258065,0.506666666666667,0.246376811594203,0.522898154477102,0.53014553014553,0.425788497217069
"hsa00430.xml-1",0.482539682539682,0.59850640113798,0.721244500314268,0.706976744186047,0.455938697318008,0.544,0.413525068013991,0.575757575757576,0.596103896103896,0.287323943661972,0.649925037481259,0.555959302325581,0.402631578947368,0.518292682926829,0.554347826086956,0.51037851037851,0.738581146744412,0.52987012987013,0.182795698924731,0.589333333333333,0.559210526315789,0.496753246753247,0.516697936210131,0.348943985307622,0.51,0.529616724738676,0.695454545454545,0.607142857142857,0.416515426497278,0.531468531468531,0.5,0.525171624713959,0.441860465116279,0.74512987012987,0.571428571428571,0.6,0.585365853658537,0.639721254355401,0.724260355029586,0.636174636174636,0.576923076923077,0.324786324786325,0.566666666666667,0.578947368421053,0.685917721518987,0.641387195121951,0.416083916083916,0.529281418170307,0.569620253164557,0.392307692307692,0.551924473493101,0.556363636363636,0.746341463414634,0.498509242695289,0.607142857142857,0.621951219512195,0.631756756756757,0.499178981937603,0.51,0.647727272727273,0.347727272727273,0.51277754503561,0.529616724738676,0.347508001828989,0.615871190339276,0.61569416498994,0.45,0.564864864864865,0.646808510638298,0.494708994708995,0.195402298850575,0.603947368421053,0.614705882352941,0.463414634146341,0.667857142857143,0.490384615384615,0.484177215189873,0.285803237858032,0.550664451827243,0.26984126984127,0.571428571428571,0.55609756097561,0.533101045296167,0.59850640113798,0.624489795918367,0.496753246753247,0.526980482204363,0.588461538461538,0.521341463414634,0.469662921348315,0.421052631578947,0.415868673050616,0.344336084021005,0.458620689655172,0.536585365853659,0.589770723104056,0.53125,0.61025641025641,0.402631578947368,0.567086730911787
"hsa00440.xml-1",0.979708761040821,0.968720468720469,1,0.981220657276995,0.921513269339356,1,0.972390572390572,0.995695302264645,0.993674089068826,0.955772113943028,0.973404255319149,0.979591836734694,0.991258741258741,0.989224137931035,1,1,0.948434188839181,0.99498933901919,0.909574468085106,0.974005305039788,0.999364964165835,0.967447306791569,0.948214285714286,0.988745482705214,0.962814645308925,1,0.936188811188811,0.944055944055944,0.977982954545455,0.962460425146992,0.998121972916873,1,1,0.970108695652174,0.982626262626263,0.95558639833449,0.982373678025852,0.97236805747444,1,0.999172185430464,0.933238636363636,0.987012987012987,0.954325955734406,1,0.983876980428705,1,0.980357142857143,0.96570728720147,0.99170339642209,0.923048510219158,0.98160469667319,1,1,0.98320292123109,0.949370503597122,0.974941875484371,0.964047442550037,0.977355325691921,0.990675990675991,0.997105923210496,0.954710144927536,0.970890410958904,0.927536231884058,0.945273631840796,0.991253644314869,0.989792984473836,0.98494271685761,0.974682144831399,1,0.999183673469388,0.966758241758242,1,1,0.95689287238583,0.960945529290853,1,0.963031914893617,0.992585727525487,1,0.969290239450231,0.968269230769231,0.990133154516716,0.980151228733459,0.96469104665826,0.929178734934131,0.970580123195734,0.987676056338028,1,0.982788452782078,0.986259541984733,0.979416502595311,0.915306915306915,0.910714285714286,1,1,0.968477531857813,1,0.990454246214615,0.997056968677738,0.993407252022775
"hsa00450.xml-1",0.979708761040821,0.968720468720469,0.969656231995391,0.981220657276995,0.921513269339356,1,0.972390572390572,1,0.993674089068826,0.967797584818861,0.959677419354839,0.927272727272727,0.991258741258741,0.989224137931035,1,1,0.947214076246334,0.99498933901919,0.901413982717989,0.922480620155039,0.97781954887218,0.967447306791569,0.940711462450593,0.935606060606061,0.959395559210526,1,0.936188811188811,0.944055944055944,0.991666666666667,0.962460425146992,0.998121972916873,1,0.967515364354697,0.970108695652174,0.982626262626263,0.961094224924012,0.982373678025852,0.97236805747444,0.968978102189781,0.999172185430464,0.933238636363636,0.987012987012987,0.954325955734406,0.987715862560085,0.976047183437651,1,0.969656231995391,0.96570728720147,0.99170339642209,0.923328056984567,0.98160469667319,0.979591836734694,1,0.98320292123109,0.949370503597122,0.974941875484371,0.964047442550037,0.977355325691921,0.971590909090909,0.997105923210496,0.944444444444444,0.970890410958904,1,0.985522692956746,0.985683607730852,0.957509881422925,0.960389610389611,0.963497267759563,1,0.993415637860082,0.970319634703196,1,1,0.949450549450549,0.960945529290853,1,0.955503512880562,0.965496183206107,0.983696900114811,0.967633928571429,0.985031033223804,0.961818961818962,0.971428571428571,0.974219599316664,0.929178734934131,0.924635620334163,0.978260869565217,1,0.982788452782078,0.985988583290088,0.964179104477612,0.915306915306915,0.939705882352941,1,0.994547437295529,0.968477531857813,0.990572467060427,0.972065348931021,0.982222222222222,0.993407252022775
"hsa00470.xml-1",0.936825885978428,0.968720468720469,0.969656231995391,0.981220657276995,0.921513269339356,0.95625,0.921690921690922,0.943493150684931,0.993674089068826,0.955772113943028,0.959677419354839,0.923684210526316,0.967633928571428,0.982993197278912,0.95625,1,0.878424657534246,0.965096719932717,0.821634062140391,0.82027972027972,0.97781954887218,0.967447306791569,0.940711462450593,0.8,0.928180039138943,1,0.936188811188811,0.944055944055944,0.969298245614035,0.780821917808219,0.975903614457831,0.867777383906416,0.967515364354697,0.970108695652174,0.982626262626263,0.827798507462687,0.982373678025852,0.922191780821918,0.968978102189781,0.945741758241758,0.799292214357937,0.965079365079365,0.900779220779221,0.947293447293447,0.944444444444444,1,0.942360728075014,0.896840502474305,0.958974358974359,0.844206426484908,0.787193973634652,0.929453262786596,0.939537080774681,0.866554054054054,0.949370503597122,0.974941875484371,0.957973626790627,0.939027665860865,0.971590909090909,0.993325917686318,0.784615384615385,0.970890410958904,0.91239454899416,0.759620189905047,0.978214539426948,0.957509881422925,0.960389610389611,0.848604269293924,1,0.980769230769231,0.932571428571428,1,1,0.85979797979798,0.960945529290853,0.957746478873239,0.80952380952381,0.796875,0.966315789473684,0.87288286682118,0.953742886327156,0.90040725657164,0.920208500400962,0.96469104665826,0.898373983739837,0.924635620334163,0.96119733924612,1,0.970360237118103,0.897222222222222,0.964179104477612,0.823793787177793,0.759305210918114,1,0.942818375654197,0.934426229508197,0.969196373121351,0.972065348931021,0.960090361445783,0.827524038461538
"hsa00480.xml-1",0.976568405139834,0.968720468720469,0.969656231995391,0.981220657276995,0.921513269339356,1,0.972390572390572,0.994565820117556,0.993674089068826,0.955772113943028,0.959677419354839,0.927272727272727,0.967633928571428,0.982993197278912,0.97787610619469,1,0.918260869565217,0.972457627118644,0.89639683624646,0.921923076923077,0.97781954887218,0.967447306791569,0.940711462450593,0.935606060606061,0.959395559210526,1,0.936188811188811,0.944055944055944,0.969298245614035,0.962460425146992,0.9945,0.983060747663551,0.967515364354697,0.970108695652174,0.982626262626263,0.95558639833449,0.982373678025852,0.95937840785169,0.968978102189781,0.951108870967742,0.920454545454545,0.965079365079365,0.933141542002301,0.987715862560085,0.944444444444444,1,0.942360728075014,0.943813418143268,0.974950560316414,0.923048510219158,0.98160469667319,0.966315789473684,0.959581881533101,0.959326788218794,0.949370503597122,0.974941875484371,0.957973626790627,0.97631473303894,0.971590909090909,0.993325917686318,0.869318181818182,0.970890410958904,0.922143579373104,0.945273631840796,0.978214539426948,0.957509881422925,0.960389610389611,0.963497267759563,1,0.980769230769231,0.966758241758242,1,1,0.883370756835293,0.960945529290853,0.957746478873239,0.928865979381443,0.933290071382219,0.983696900114811,0.965661103979461,0.954656862745098,0.961818961818962,0.928865979381443,0.96469104665826,0.921275646743979,0.924635620334163,0.96119733924612,1,0.970360237118103,0.941176470588235,0.964179104477612,0.915306915306915,0.907627118644068,1,0.980645161290323,0.968477531857813,0.969196373121351,0.972065348931021,0.960090361445783,0.993407252022775
"hsa00500.xml-1",0.174913693901036,0.270557029177719,0.296511627906977,0.389144905273938,0.213986013986014,0.294230769230769,0.150793650793651,0.258503401360544,0.14010989010989,0.195402298850575,0.267482517482518,0.310344827586207,0.235023041474654,0.182142857142857,0.263793103448276,0.14100185528757,0.2,0.1875,0.142857142857143,0.272727272727273,0.36,0.261538461538462,0.310344827586207,0.226190476190476,0.207880434782609,0.159663865546219,0.167763157894737,0.287593984962406,0.298051948051948,0.292307692307692,0.274193548387097,0.273703041144902,0.151243781094527,0.368378812199037,0.319327731092437,0.173863636363636,0.166666666666667,0.228358208955224,0.22972972972973,0.255,0.151785714285714,0.149019607843137,0.195902688860435,0.343891402714932,0.253101736972705,0.287593984962406,0.160714285714286,0.164502164502164,0.28021978021978,0.198701298701299,0.146153846153846,0.25,0.366028708133971,0.183574879227053,0.151785714285714,0.353961827646038,0.147683397683398,0.247154471544715,0.290506329113924,0.245161290322581,0.158385093167702,0.154545454545455,0.160676532769556,0.157349896480331,0.196153846153846,0.198701298701299,0.225,0.166666666666667,0.227715355805243,0.156122448979592,0.1275,0.274193548387097,0.211111111111111,0.178403755868545,0.228017883755589,0.273214285714286,0.332608695652174,0.161904761904762,0.26984126984127,0.132467532467532,0.246753246753247,0.148727984344423,0.283333333333333,0.400313971742543,0.326226012793177,0.172297297297297,0.309716599190283,0.213986013986014,0.254180602006689,0.133333333333333,0.144761904761905,0.139705882352941,0.283333333333333,0.191919191919192,0.27536231884058,0.187654320987654,0.246376811594203,0.205645161290323,0.294230769230769,0.346153846153846
"hsa00510.xml-1",0.367149758454106,0.298245614035088,0.308467741935484,0.38,0.26984126984127,0.294230769230769,0.413525068013991,0.330434782608696,0.316770186335404,0.349714285714286,0.364285714285714,0.310344827586207,0.235023041474654,0.246774193548387,0.263793103448276,0.400263331138907,0.32,0.276506024096386,0.182795698924731,0.272727272727273,0.36,0.267482517482518,0.310344827586207,0.226190476190476,0.289772727272727,0.354312354312354,0.289772727272727,0.287593984962406,0.298051948051948,0.316666666666667,0.274193548387097,0.316770186335404,0.395833333333333,0.4,0.419310344827586,0.364285714285714,0.296875,0.34,0.386363636363636,0.255,0.26984126984127,0.267018006148441,0.495546558704453,0.359168241965974,0.309716599190283,0.3825,0.335526315789474,0.333333333333333,0.34,0.34984756097561,0.516129032258065,0.25,0.366028708133971,0.27536231884058,0.575187969924812,0.353961827646038,0.28021978021978,0.442933462846042,0.290506329113924,0.265734265734266,0.258445945945946,0.298245614035088,0.267920094007051,0.421344421344421,0.306,0.375921375921376,0.28021978021978,0.287878787878788,0.330434782608696,0.302371541501976,0.442054574638844,0.274193548387097,0.344671201814059,0.262068965517241,0.263339070567986,0.276672694394213,0.332608695652174,0.255,0.279878048780488,0.277173913043478,0.28952380952381,0.300395256916996,0.283333333333333,0.400313971742543,0.36,0.263793103448276,0.279452054794521,0.257575757575758,0.425770308123249,0.28842504743833,0.265734265734266,0.354312354312354,0.307228915662651,0.452380952380952,0.45037037037037,0.344671201814059,0.430581613508443,0.334975369458128,0.298051948051948,0.41871921182266
"hsa00510.xml-2",0.930802204531537,0.968720468720469,0.969656231995391,0.981220657276995,0.921513269339356,0.985507246376812,0.95,0.994565820117556,0.735576923076923,0.92914979757085,0.959677419354839,0.927272727272727,0.827027027027027,0.982993197278912,0.95625,1,0.915437561455261,0.972457627118644,0.85,0.907954545454545,0.795899632802938,0.967447306791569,0.900815217391304,0.760760760760761,0.779286926994907,1,0.936188811188811,0.923696126111018,0.969298245614035,0.962460425146992,0.975903614457831,0.983060747663551,0.967515364354697,0.970108695652174,0.982626262626263,0.95558639833449,0.982373678025852,0.922191780821918,0.847826086956522,0.90379746835443,0.933238636363636,0.788148148148148,0.815068493150685,0.987715862560085,0.848286290322581,1,0.910714285714286,0.8,0.958974358974359,0.844206426484908,0.98160469667319,0.893865628042843,0.959581881533101,0.844444444444445,0.949370503597122,0.974941875484371,0.957973626790627,0.939027665860865,0.967479674796748,0.745098039215686,0.672316384180791,0.970890410958904,0.922143579373104,0.945273631840796,0.944444444444444,0.957509881422925,0.758677685950413,0.960695239976299,1,0.840659340659341,0.966758241758242,0.82258064516129,1,0.828714220808723,0.960945529290853,0.957746478873239,0.80952380952381,0.796875,0.909168081494058,0.967633928571429,0.954656862745098,0.961818961818962,0.912328767123288,0.96469104665826,0.904639175257732,0.924635620334163,0.96119733924612,0.809095716552089,0.970360237118103,0.881159420289855,0.936024632227164,0.74025974025974,0.935651697699891,0.891495601173021,0.860992039191672,0.968477531857813,0.990572467060427,0.947548028311426,0.974005305039788,0.993407252022775
"hsa00510.xml-3",0.689002759164367,0.968720468720469,0.894736842105263,0.980645161290323,0.892838196286472,0.666182873730044,0.678571428571428,0.943493150684931,0.731707317073171,0.927272727272727,0.635164835164835,0.555959302325581,0.761194029850746,0.853448275862069,0.9,0.808214154748808,0.85273492286115,0.838815789473684,0.708333333333333,0.738416988416988,0.551682692307692,0.910714285714286,0.516697936210131,0.551924473493101,0.766917293233083,0.873563218390805,0.860625,0.886166184005347,0.805263157894737,0.779487179487179,0.764235764235764,0.867777383906416,0.800561797752809,0.82258064516129,0.625146886016451,0.95558639833449,0.807326007326007,0.675124103695532,0.778421052631579,0.708333333333333,0.799292214357937,0.831168831168831,0.728571428571428,0.775166297117517,0.684782608695652,0.765765765765766,0.478424015009381,0.687782805429864,0.836065573770492,0.596989966555184,0.787193973634652,0.811671087533157,0.840659340659341,0.59943661971831,0.819642857142857,0.826878039992794,0.934065934065934,0.760845383759733,0.837121212121212,0.745098039215686,0.585459183673469,0.970890410958904,0.760845383759733,0.767676767676768,0.82681420483788,0.930405405405405,0.66439205955335,0.742913000977517,0.900862068965517,0.470769230769231,0.818181818181818,0.711627906976744,0.94901144640999,0.66682059570538,0.729657228017884,0.801428571428571,0.581306990881459,0.796875,0.778405879027699,0.7409200968523,0.875576036866359,0.707945205479452,0.742063492063492,0.96469104665826,0.695906432748538,0.881916996047431,0.732057416267943,0.736363636363636,0.792256142963515,0.467692307692308,0.7125,0.487179487179487,0.662337662337662,0.788148148148148,0.860992039191672,0.942857142857143,0.708333333333333,0.82258064516129,0.960090361445783,0.827524038461538
"hsa00510.xml-4",1,0.970758620689655,1,0.992930648769575,0.978082191780822,1,1,1,0.993674089068826,0.993846153846154,1,0.974146247347096,0.996838171888474,1,1,1,0.985185185185185,1,0.909574468085106,0.974005305039788,0.999364964165835,0.99,1,0.988745482705214,1,1,0.95812133072407,0.975652173913043,1,1,0.998121972916873,1,1,1,1,0.9945,0.982373678025852,1,1,0.999172185430464,0.998322147651007,0.987012987012987,0.998896551724138,1,0.983876980428705,1,1,0.985878489326765,0.994152046783626,0.96469104665826,1,1,1,0.987350427350427,1,0.974941875484371,0.964047442550037,0.984820436875231,1,0.997105923210496,0.997448979591837,0.993506493506493,1,1,0.991253644314869,0.989792984473836,1,0.99525290554919,1,1,0.98008073008073,1,1,0.95689287238583,0.972663699936427,1,0.991267605633803,0.999823383963264,1,1,0.993019509575801,0.990133154516716,1,0.999093052784328,0.993334487534626,0.970580123195734,0.987676056338028,1,1,0.998889300259163,0.979416502595311,1,1,1,1,1,1,0.993674089068826,1,1
"hsa00511.xml-1",0.482539682539682,0.780612244897959,0.826388888888889,0.706976744186047,0.824797843665768,0.490384615384615,0.76,0.744186046511628,0.662337662337662,0.927272727272727,0.635164835164835,0.555959302325581,0.667636363636364,0.80952380952381,0.63691026827012,1,0.851628968665698,0.593023255813953,0.708333333333333,0.696862348178138,0.551682692307692,0.967447306791569,0.439655172413793,0.449371766444937,0.502463054187192,0.745098039215686,0.739130434782609,0.642857142857143,0.68,0.448945147679325,0.624125874125874,0.933293978748524,0.775510204081633,0.724182444061962,0.67435669920142,0.478125,0.807326007326007,0.675124103695532,0.724260355029586,0.674603174603175,0.705882352941176,0.562962962962963,0.566666666666667,0.775166297117517,0.807724367879967,0.683035714285714,0.577358490566038,0.529281418170307,0.814948453608247,0.626022913256956,0.660869565217391,0.794805194805195,0.831521739130435,0.496732026143791,0.541505791505791,0.643243243243243,0.700549450549451,0.563241106719368,0.496395097332372,0.647727272727273,0.514112903225806,0.68,0.529616724738676,0.767676767676768,0.82681420483788,0.738157894736842,0.414473684210526,0.821799307958478,0.860377358490566,0.618181818181818,0.818181818181818,0.794805194805195,0.941176470588235,0.545977011494253,0.694271128757799,0.720565149136578,0.463636363636364,0.796875,0.732558139534884,0.646739130434783,0.745098039215686,0.767676767676768,0.631578947368421,0.931034482758621,0.514718250630782,0.468427095292767,0.50210970464135,0.51,0.638655462184874,0.897222222222222,0.7125,0.823793787177793,0.662337662337662,0.705009276437848,0.633333333333333,0.609876543209876,0.553618421052632,0.582857142857143,0.72289156626506,0.651063829787234
"hsa00512.xml-1",0.482539682539682,0.298245614035088,0.496753246753247,0.553846153846154,0.26984126984127,0.490384615384615,0.243980738362761,0.404255319148936,0.39070480081716,0.242600422832981,0.550112359550562,0.555959302325581,0.274193548387097,0.233231707317073,0.369565217391304,0.285356695869837,0.455544455544456,0.575187969924812,0.182795698924731,0.457692307692308,0.475709288767975,0.292403248924988,0.342741935483871,0.335294117647059,0.353839037927845,0.450871338524286,0.280905752753978,0.369565217391304,0.500125722906714,0.316666666666667,0.465753424657534,0.461240310077519,0.202666666666667,0.468845760980592,0.419310344827586,0.369922630560928,0.166666666666667,0.462701612903226,0.386363636363636,0.466666666666667,0.295652173913043,0.361259655377302,0.566666666666667,0.404255319148936,0.441346153846154,0.359154929577465,0.286875,0.314699792960663,0.39070480081716,0.218571428571429,0.38974358974359,0.388571428571429,0.708333333333333,0.374384236453202,0.37796442687747,0.554347826086957,0.37796442687747,0.347985347985348,0.485054347826087,0.548340548340548,0.312244897959184,0.400313971742543,0.267920094007051,0.38846294267981,0.527586206896552,0.327447833065811,0.309403437815976,0.166666666666667,0.262068965517241,0.349714285714286,0.315247252747253,0.533101045296167,0.367149758454106,0.31959629941127,0.323467230443975,0.374770361298224,0.527131782945736,0.352534562211982,0.455357142857143,0.132467532467532,0.355805243445693,0.285,0.3984375,0.506143667296786,0.514718250630782,0.23448275862069,0.526980482204363,0.588461538461538,0.347826086956522,0.370731707317073,0.328435609334486,0.354312354312354,0.307228915662651,0.359848484848485,0.45037037037037,0.439518072289157,0.246376811594203,0.3,0.368674698795181,0.41871921182266
"hsa00513.xml-1",0.689002759164367,0.960869565217391,0.969656231995391,0.944632768361582,0.892838196286472,0.776086956521739,0.678571428571428,0.860215053763441,0.993674089068826,0.927272727272727,0.809095716552089,0.895784543325527,0.618598382749326,0.932142857142857,0.950310559006211,0.833776595744681,0.738581146744412,0.929873772791024,0.717532467532468,0.741918103448276,0.747800586510264,0.855944055944056,0.725462304409673,0.801948051948052,0.813829787234042,0.887972508591065,0.860625,0.857142857142857,0.969298245614035,0.687005649717514,0.697265625,0.983060747663551,0.88152444076222,0.82258064516129,0.957983193277311,0.95558639833449,0.892367906066536,0.766917293233083,0.847826086956522,0.770957398076042,0.804054054054054,0.965079365079365,0.752106741573034,0.775166297117517,0.848286290322581,0.990077653149267,0.809523809523809,0.806366047745358,0.906666666666667,0.844206426484908,0.868571428571429,0.886100386100386,0.939537080774681,0.569715142428786,0.872379674660406,0.831521739130435,0.934065934065934,0.760845383759733,0.835235732009926,0.859026687598116,0.8364,0.970890410958904,0.760845383759733,0.767676767676768,0.861751152073733,0.84375,0.807235726399095,0.715447154471545,0.900862068965517,0.840659340659341,0.85,0.794805194805195,1,0.700460829493088,0.729657228017884,0.817845394736842,0.753694581280788,0.796875,0.878921785240831,0.784615384615385,0.906984906984907,0.961818961818962,0.742063492063492,0.781550480769231,0.715371127995324,0.7409200968523,0.886956521739131,0.809523809523809,0.730584366304073,0.892018779342723,0.7125,0.711943793911007,0.832491255343957,0.893564356435644,0.860992039191672,0.957037037037037,0.918,0.82258064516129,0.960090361445783,0.827524038461538
"hsa00513.xml-2",0.979708761040821,0.968720468720469,0.99468085106383,0.981220657276995,0.93508956796628,1,0.972390572390572,0.995695302264645,0.993674089068826,0.967797584818861,0.9794921875,0.979591836734694,0.996838171888474,0.989224137931035,1,1,0.948434188839181,1,0.909574468085106,0.974005305039788,0.999364964165835,0.967447306791569,0.963129496402878,0.97841726618705,0.962814645308925,1,0.936188811188811,0.944055944055944,0.991666666666667,0.962460425146992,0.998121972916873,1,1,1,0.993963782696177,0.961094224924012,0.982373678025852,0.97236805747444,0.968978102189781,0.999172185430464,0.971223021582734,0.987012987012987,0.954325955734406,0.987715862560085,0.999735099337748,1,0.980357142857143,0.989206349206349,0.99170339642209,0.957746478873239,0.98160469667319,1,1,0.98320292123109,0.949370503597122,0.974941875484371,0.961508248232522,0.977355325691921,0.990675990675991,0.997105923210496,0.969470046082949,0.970890410958904,0.960477941176471,0.957983193277311,0.991253644314869,0.963129496402878,1,0.987210231814548,1,0.999183673469388,0.966758241758242,1,1,0.95689287238583,0.960945529290853,1,0.991253644314869,0.992585727525487,1,1,0.987350427350427,0.966613672496025,1,0.974219599316664,0.934860883797054,0.970580123195734,0.987676056338028,1,0.970360237118103,0.998889300259163,0.979416502595311,0.973949579831933,0.934065934065934,1,1,0.968477531857813,1,0.972065348931021,0.997056968677738,0.993506493506493
"hsa00514.xml-1",0.936825885978428,0.8466796875,0.894736842105263,0.981220657276995,0.921513269339356,0.931179775280899,0.896894409937888,0.943493150684931,0.993674089068826,0.91190165766437,0.845913461538462,0.902397260273973,0.724736842105263,0.932312252964427,0.892024253731343,0.833776595744681,0.85273492286115,0.965096719932717,0.717532467532468,0.907954545454545,0.795899632802938,0.910714285714286,0.794215795328142,0.760760760760761,0.813829787234042,0.957781978575929,0.860625,0.796875,0.969298245614035,0.743478260869565,0.764235764235764,0.867777383906416,0.800561797752809,0.970108695652174,0.898009950248756,0.827798507462687,0.85972850678733,0.947751144626986,0.724260355029586,0.867586206896552,0.824226566107434,0.965079365079365,0.792621664050235,0.836923076923077,0.944444444444444,1,0.82996632996633,0.896840502474305,0.958974358974359,0.781241601719968,0.951898734177215,0.893865628042843,0.939537080774681,0.916863362182009,0.872379674660406,0.862781954887218,0.936476426799007,0.86527514231499,0.944626664094154,0.859026687598116,0.847310126582279,0.970890410958904,0.913345983554712,0.829047841670563,0.931304347826087,0.91695205479452,0.825075834175935,0.715447154471545,0.955512572533849,0.896011396011396,0.902930402930403,0.962814645308924,0.94901144640999,0.81060116354234,0.879459002535926,0.940092165898617,0.875415282392027,0.827027027027027,0.878921785240831,0.7409200968523,0.771068564882998,0.812698412698413,0.725691699604743,0.96469104665826,0.898373983739837,0.899860702677604,0.78,0.95625,0.730584366304073,0.897222222222222,0.886977886977887,0.80685994283381,0.805263157894737,0.923796166432913,0.892367906066536,0.942857142857143,0.886956521739131,0.805616498464239,0.775075987841945,0.857337573830077
"hsa00515.xml-1",0.653763440860215,0.964047442550037,0.95625,0.904761904761905,0.892838196286472,0.776086956521739,0.73469387755102,0.860215053763441,0.993674089068826,0.927272727272727,0.82258064516129,0.847906403940887,0.725806451612903,0.932142857142857,0.892024253731343,0.808214154748808,0.915437561455261,0.886363636363636,0.714285714285714,0.738416988416988,0.616935483870968,0.9140625,0.771752837326608,0.754342431761787,0.696811971372804,0.995238095238095,0.860625,0.857142857142857,0.969298245614035,0.911088911088911,0.76271186440678,0.979107848673066,0.967515364354697,0.82258064516129,0.982626262626263,0.95558639833449,0.892367906066536,0.922191780821918,0.784249767008388,0.90379746835443,0.804054054054054,0.965079365079365,0.666666666666667,0.806366047745358,0.807724367879967,0.683035714285714,0.708333333333333,0.943813418143268,0.906666666666667,0.816310975609756,0.98160469667319,0.886100386100386,0.939537080774681,0.569715142428786,0.867030965391621,0.831521739130435,0.934065934065934,0.898522167487685,0.835235732009926,0.766129032258065,0.68,0.970890410958904,0.745098039215686,0.767676767676768,0.886363636363636,0.848115299334812,0.846082949308756,0.925418569254186,0.955512572533849,0.494708994708995,0.85,0.83265306122449,1,0.57315233785822,0.708333333333333,0.777966101694915,0.796875,0.851576994434137,0.852272727272727,0.784615384615385,0.938271604938272,0.800936768149883,0.87544014084507,0.931034482758621,0.771428571428571,0.7409200968523,0.886956521739131,0.799373040752351,0.730584366304073,0.835820895522388,0.7125,0.593363695510735,0.907627118644068,0.851724137931035,0.860992039191672,0.968477531857813,0.90368014538846,0.835235732009926,0.960090361445783,0.793202764976959
"hsa00515.xml-2",0.979708761040821,0.968720468720469,0.983984867591425,0.981220657276995,0.921513269339356,1,0.972390572390572,0.994565820117556,0.993674089068826,0.955772113943028,0.959677419354839,0.927272727272727,0.967633928571428,0.982993197278912,0.97787610619469,1,0.915437561455261,0.972457627118644,0.89639683624646,0.922480620155039,0.97781954887218,0.967447306791569,0.940711462450593,0.921212121212121,0.962814645308925,1,0.936188811188811,0.944055944055944,0.969298245614035,0.962460425146992,0.9945,0.988041138483616,0.967515364354697,0.970108695652174,0.982626262626263,0.95558639833449,0.982373678025852,0.95937840785169,0.968978102189781,0.999172185430464,0.933238636363636,0.965079365079365,0.943100995732575,0.987715862560085,0.944444444444444,1,0.946356275303644,0.95045695045695,0.970445344129555,0.923048510219158,0.98160469667319,0.979591836734694,0.959581881533101,0.961720974375198,0.949370503597122,0.974941875484371,0.957973626790627,0.977355325691921,0.971590909090909,0.997105923210496,0.935779816513761,0.970890410958904,0.927536231884058,0.945273631840796,0.985683607730852,0.957509881422925,0.960389610389611,0.963497267759563,1,0.993415637860082,0.966758241758242,1,1,0.883370756835293,0.960945529290853,0.957746478873239,0.955503512880562,0.934065934065934,0.983696900114811,0.965661103979461,0.953742886327156,0.961818961818962,0.968944099378882,0.96469104665826,0.923100521525719,0.940298507462687,0.978260869565217,1,0.970360237118103,0.985988583290088,0.964179104477612,0.915306915306915,0.9,1,0.980645161290323,0.968477531857813,0.990572467060427,0.972065348931021,0.982222222222222,0.993407252022775
"hsa00520.xml-1",0.271186440677966,0.298245614035088,0.308467741935484,0.38,0.26984126984127,0.294230769230769,0.244766505636071,0.330434782608696,0.316770186335404,0.235023041474654,0.346153846153846,0.310344827586207,0.235023041474654,0.246774193548387,0.263793103448276,0.367149758454106,0.308316430020284,0.276506024096386,0.182795698924731,0.272727272727273,0.36,0.267482517482518,0.310344827586207,0.243589743589744,0.289772727272727,0.331154684095861,0.458770614692654,0.287593984962406,0.298051948051948,0.316666666666667,0.276506024096386,0.287593984962406,0.246753246753247,0.368378812199037,0.319327731092437,0.303571428571429,0.235294117647059,0.34,0.22972972972973,0.255,0.236842105263158,0.267018006148441,0.322784810126582,0.347826086956522,0.309716599190283,0.427772600186393,0.303571428571429,0.337777777777778,0.329741379310345,0.217329545454545,0.287334593572779,0.25,0.366028708133971,0.271428571428571,0.541505791505791,0.353961827646038,0.28021978021978,0.262068965517241,0.290506329113924,0.245161290322581,0.255639097744361,0.453333333333333,0.267920094007051,0.287334593572779,0.271276595744681,0.232876712328767,0.28021978021978,0.255892255892256,0.262068965517241,0.283333333333333,0.255,0.274193548387097,0.344671201814059,0.262068965517241,0.263339070567986,0.273214285714286,0.332608695652174,0.255,0.276923076923077,0.26984126984127,0.28952380952381,0.300395256916996,0.283333333333333,0.400313971742543,0.346153846153846,0.242857142857143,0.279452054794521,0.257575757575758,0.347826086956522,0.272238805970149,0.311794871794872,0.233846153846154,0.283333333333333,0.296296296296296,0.354312354312354,0.324786324786325,0.246376811594203,0.3,0.298051948051948,0.392307692307692
"hsa00520.xml-2",0.983011583011583,0.999172185430464,1,1,1,1,1,1,0.993674089068826,0.993846153846154,1,0.988814317673378,1,0.989224137931035,1,1,1,1,1,0.999183673469388,1,0.987837837837838,0.983377659574468,0.975005529750055,1,1,1,0.976531814611155,1,1,1,1,1,1,0.993963782696177,1,1,1,1,0.999172185430464,0.998322147651007,0.987012987012987,1,1,0.999735099337748,1,1,0.989206349206349,1,0.968146718146718,1,1,1,1,1,0.993334487534626,1,1,0.990675990675991,0.997105923210496,0.997448979591837,1,1,1,0.991253644314869,1,1,0.99525290554919,1,1,1,1,1,0.990322889719268,0.997161778618732,1,0.983772198407838,0.999823383963264,1,1,0.987350427350427,0.990987535953979,1,1,0.986926980304464,0.979736842105263,0.991776315789474,1,1,0.986259541984733,0.964179104477612,0.973949579831933,1,1,1,1,1,0.993674089068826,1,1
"hsa00520.xml-3",0.979708761040821,0.968720468720469,0.969656231995391,0.981220657276995,0.921513269339356,1,0.972390572390572,0.994565820117556,0.993674089068826,0.955772113943028,0.962587031289321,0.927272727272727,0.967633928571428,0.982993197278912,0.97787610619469,1,0.915437561455261,0.972457627118644,0.883116883116883,0.838203067932798,0.795899632802938,0.967447306791569,0.940711462450593,0.835164835164835,0.959395559210526,1,0.936188811188811,0.923696126111018,0.969298245614035,0.962460425146992,0.987432065217391,0.983060747663551,0.967515364354697,0.970108695652174,0.982626262626263,0.95558639833449,0.982373678025852,0.95937840785169,0.968978102189781,0.852842809364549,0.933238636363636,0.983874630933454,0.933141542002301,0.987715862560085,0.944444444444444,1,0.942360728075014,0.96570728720147,0.974950560316414,0.923048510219158,0.98160469667319,0.979591836734694,0.998260113092649,0.95959595959596,0.949370503597122,0.974941875484371,0.957973626790627,0.939027665860865,0.971590909090909,0.993325917686318,0.916391639163916,0.970890410958904,0.922143579373104,0.945273631840796,0.978214539426948,0.957509881422925,0.960389610389611,0.969807451293152,1,0.980769230769231,0.966758241758242,1,1,0.883370756835293,0.960945529290853,0.96469104665826,0.875415282392027,0.933290071382219,0.983696900114811,0.967633928571429,0.968269230769231,0.961818961818962,0.959448160535117,0.96469104665826,0.909090909090909,0.924635620334163,0.96119733924612,1,0.970360237118103,0.985988583290088,0.964179104477612,0.823793787177793,0.907627118644068,1,0.980645161290323,0.968477531857813,0.969196373121351,0.947548028311426,0.982222222222222,0.993407252022775
"hsa00520.xml-4",0.979708761040821,0.968720468720469,0.986236933797909,0.981220657276995,0.921513269339356,1,1,1,0.993674089068826,0.993846153846154,0.9794921875,0.927272727272727,1,0.982993197278912,1,1,0.956834532374101,1,0.909574468085106,0.922480620155039,0.97781954887218,0.987837837837838,0.940711462450593,0.988745482705214,0.989224137931035,1,0.993178567499175,0.944055944055944,0.969298245614035,0.962460425146992,0.998121972916873,1,0.967515364354697,1,0.982626262626263,0.989224137931035,0.982373678025852,0.95937840785169,0.968978102189781,0.999172185430464,1,0.987012987012987,1,1,0.983876980428705,1,0.980357142857143,0.989206349206349,0.994152046783626,0.957746478873239,1,1,1,0.955163043478261,0.962937062937063,0.974941875484371,0.957973626790627,0.939027665860865,0.990675990675991,0.997105923210496,0.997448979591837,0.999823383963264,1,0.945273631840796,0.993157894736842,0.989792984473836,0.960389610389611,0.99525290554919,1,0.999183673469388,0.970319634703196,1,1,0.998498498498498,1,1,0.955503512880562,1,1,0.999183673469388,0.901408450704225,1,0.920208500400962,0.999093052784328,0.986926980304464,0.950120192307692,0.96119733924612,1,0.982788452782078,0.991911764705882,0.979416502595311,1,0.907627118644068,1,1,0.968477531857813,0.998412698412698,0.990454246214615,0.982222222222222,0.993407252022775
"hsa00520.xml-5",1,1,1,1,1,1,1,1,0.993674089068826,0.997161778618732,1,1,1,1,1,1,1,1,0.99789283564118,1,0.999364964165835,1,0.992790194664744,1,1,1,1,0.969798657718121,1,1,0.998121972916873,1,1,1,1,1,1,1,1,0.999172185430464,0.998322147651007,1,1,1,1,1,1,1,0.994152046783626,1,1,1,1,0.987350427350427,1,0.974941875484371,1,1,1,1,1,1,1,1,0.991253644314869,1,1,1,1,1,0.987264391237901,1,1,1,1,1,0.963031914893617,1,1,1,1,1,1,0.999093052784328,1,1,0.989120151371807,1,1,0.998889300259163,0.979416502595311,0.975973487986744,1,1,1,1,1,1,1,1
"hsa00524.xml-1",0.979895104895105,0.968720468720469,0.986236933797909,0.981220657276995,0.93508956796628,1,0.972390572390572,0.994565820117556,0.993674089068826,0.955772113943028,0.973404255319149,0.954145267791636,0.991258741258741,0.989224137931035,1,1,0.975302663438257,1,0.89639683624646,0.922480620155039,0.97781954887218,0.967447306791569,0.952785326086957,0.936271025823264,0.959395559210526,1,0.936188811188811,0.944055944055944,0.977982954545455,0.964285714285714,0.9945,1,1,1,0.986159169550173,0.961094224924012,0.982373678025852,0.97236805747444,0.968978102189781,0.999172185430464,0.933238636363636,0.987012987012987,0.954325955734406,0.987715862560085,0.95625,1,0.980357142857143,0.96570728720147,0.974950560316414,0.923048510219158,1,1,1,0.98320292123109,0.949370503597122,0.974941875484371,0.961508248232522,0.977355325691921,0.971590909090909,0.997105923210496,0.963129496402878,0.970890410958904,0.922143579373104,0.945273631840796,0.985683607730852,0.957509881422925,1,0.963497267759563,1,0.980769230769231,0.966758241758242,1,1,0.955331088664422,0.960945529290853,1,0.963031914893617,0.948837209302326,0.998239436619718,0.969290239450231,0.987350427350427,0.961818961818962,0.980151228733459,0.974219599316664,0.929178734934131,0.967720828789531,0.978260869565217,1,0.970360237118103,0.985988583290088,0.964179104477612,0.915306915306915,0.954081632653061,1,0.994547437295529,0.968477531857813,0.999506964131641,0.972065348931021,0.982222222222222,0.993407252022775
"hsa00531.xml-1",0.979708761040821,0.968720468720469,0.969656231995391,0.981220657276995,0.921513269339356,1,0.998540145985401,0.994565820117556,0.993674089068826,0.955772113943028,0.959677419354839,0.927272727272727,0.967633928571428,0.982993197278912,1,1,0.924949290060852,0.99498933901919,0.89639683624646,0.922480620155039,0.97781954887218,0.967447306791569,0.940711462450593,0.935606060606061,0.959395559210526,1,0.936188811188811,0.944055944055944,0.977982954545455,0.962460425146992,0.998121972916873,1,0.967515364354697,0.970108695652174,0.982626262626263,0.95558639833449,0.982373678025852,0.95937840785169,0.968978102189781,0.999172185430464,0.933238636363636,0.983874630933454,0.954325955734406,0.987715862560085,0.944444444444444,1,0.942360728075014,0.96570728720147,0.99170339642209,0.923048510219158,0.98160469667319,0.99010989010989,1,0.98320292123109,0.949370503597122,0.974941875484371,0.957973626790627,0.977355325691921,0.971590909090909,0.997105923210496,0.946569178852643,0.970890410958904,0.922143579373104,0.945273631840796,0.985683607730852,0.957509881422925,0.960389610389611,0.963497267759563,1,0.993415637860082,0.966758241758242,1,1,0.898109243697479,0.960945529290853,1,0.955503512880562,0.933290071382219,0.983696900114811,0.965661103979461,0.966814159292036,0.961818961818962,0.971428571428571,0.974219599316664,0.921275646743979,0.970580123195734,0.975652173913043,1,0.970360237118103,0.985988583290088,0.964179104477612,0.915306915306915,0.907627118644068,1,0.980645161290323,0.968477531857813,0.990572467060427,0.972065348931021,0.982222222222222,0.993407252022775
"hsa00531.xml-2",0.936825885978428,0.968720468720469,0.969656231995391,0.981220657276995,0.921513269339356,0.95625,0.921690921690922,0.994565820117556,0.993674089068826,0.955772113943028,0.959677419354839,0.902397260273973,0.967633928571428,0.982993197278912,0.97787610619469,1,0.915437561455261,0.95625,0.874618902439025,0.838203067932798,0.809523809523809,0.967447306791569,0.940711462450593,0.88899950223992,0.959395559210526,1,0.936188811188811,0.923696126111018,0.969298245614035,0.962460425146992,0.9945,0.983060747663551,0.967515364354697,0.970108695652174,0.96996996996997,0.95558639833449,0.982373678025852,0.919471153846154,0.968978102189781,0.862781954887218,0.93322632423756,0.983874630933454,0.933141542002301,0.987715862560085,0.944444444444444,1,0.913593256059009,0.943813418143268,0.974950560316414,0.923048510219158,0.98160469667319,0.886100386100386,0.959581881533101,0.778688524590164,0.949370503597122,0.974941875484371,0.957973626790627,0.939027665860865,0.966654966654967,0.914132976946208,0.869318181818182,0.970890410958904,0.922143579373104,0.945273631840796,0.944444444444444,0.957509881422925,0.955025608194622,0.963497267759563,1,0.840659340659341,0.966758241758242,0.878300803673938,1,0.883370756835293,0.960869565217391,0.957746478873239,0.740203193033382,0.910714285714286,0.966315789473684,0.965661103979461,0.938271604938272,0.961818961818962,0.920208500400962,0.96469104665826,0.898373983739837,0.924635620334163,0.96119733924612,0.95625,0.970360237118103,0.935704514363885,0.918918918918919,0.742429176164116,0.7699189264747,1,0.980645161290323,0.968477531857813,0.917613636363636,0.947548028311426,0.901515151515152,0.993407252022775
"hsa00532.xml-1",0.979708761040821,0.968720468720469,0.969656231995391,0.981220657276995,0.921513269339356,1,0.972390572390572,0.994565820117556,0.993674089068826,0.955772113943028,0.959677419354839,0.927272727272727,0.967633928571428,0.982993197278912,0.97787610619469,1,0.915437561455261,0.972457627118644,0.89639683624646,0.907954545454545,0.97781954887218,0.967447306791569,0.940711462450593,0.935606060606061,0.959395559210526,1,0.936188811188811,0.944055944055944,0.973522167487685,0.962460425146992,0.9945,1,0.967515364354697,0.970108695652174,0.982626262626263,0.95558639833449,0.982373678025852,0.95937840785169,0.968978102189781,0.999172185430464,0.933238636363636,0.983874630933454,0.954325955734406,0.987715862560085,0.95625,1,0.969656231995391,0.963844699076649,0.974950560316414,0.923048510219158,0.98160469667319,0.99010989010989,0.998260113092649,0.98320292123109,0.949370503597122,0.974941875484371,0.957973626790627,0.977355325691921,0.990675990675991,0.997105923210496,0.944444444444444,0.970890410958904,0.922143579373104,0.942332436542286,0.985683607730852,0.957509881422925,0.960389610389611,0.963497267759563,1,0.993415637860082,0.966758241758242,1,1,0.883370756835293,0.960869565217391,0.96469104665826,0.963031914893617,0.948837209302326,0.983696900114811,0.965661103979461,0.968269230769231,0.961818961818962,0.928865979381443,0.96469104665826,0.921275646743979,0.930899608865711,0.96119733924612,1,0.970360237118103,0.985988583290088,0.964179104477612,0.915306915306915,0.910714285714286,1,0.980645161290323,0.968477531857813,0.990572467060427,0.947548028311426,0.982222222222222,0.993407252022775
"hsa00533.xml-1",0.482539682539682,0.586206896551724,0.720652173913043,0.562962962962963,0.682382924498248,0.52987012987013,0.562962962962963,0.583120204603581,0.508547008547009,0.556363636363636,0.635164835164835,0.555959302325581,0.402631578947368,0.560850439882698,0.542168674698795,0.571428571428571,0.528695652173913,0.607142857142857,0.467096336499322,0.481510621557828,0.437142857142857,0.496753246753247,0.310344827586207,0.226190476190476,0.455357142857143,0.460606060606061,0.765,0.689371852637159,0.492277992277992,0.316666666666667,0.274193548387097,0.525171624713959,0.71969696969697,0.739130434782609,0.552727272727273,0.413513513513514,0.71969696969697,0.437142857142857,0.496753246753247,0.493548387096774,0.576923076923077,0.486486486486487,0.593023255813953,0.359168241965974,0.684782608695652,0.683035714285714,0.335526315789474,0.333333333333333,0.571606475716065,0.405835543766578,0.754716981132075,0.556363636363636,0.760248447204969,0.392258064516129,0.662337662337662,0.621951219512195,0.631756756756757,0.499178981937603,0.42032967032967,0.548340548340548,0.485714285714286,0.726495726495726,0.267920094007051,0.620408163265306,0.615871190339276,0.61569416498994,0.452328159645233,0.605392156862745,0.646808510638298,0.439234449760766,0.695454545454545,0.411290322580645,0.761904761904762,0.262068965517241,0.667857142857143,0.646934460887949,0.332608695652174,0.53125,0.550664451827243,0.503289473684211,0.419310344827586,0.600790513833992,0.283333333333333,0.671052631578947,0.514718250630782,0.496753246753247,0.516891891891892,0.257575757575758,0.745098039215686,0.28842504743833,0.4275,0.487179487179487,0.538149350649351,0.486046511627907,0.536585365853659,0.506666666666667,0.53125,0.534965034965035,0.699055741699665,0.774291497975709
"hsa00534.xml-1",0.417582417582418,0.780612244897959,0.684053651266766,0.762541806020067,0.689189189189189,0.594752186588921,0.896894409937888,0.918032786885246,0.731707317073171,0.955772113943028,0.635164835164835,0.631578947368421,0.498913043478261,0.518292682926829,0.554347826086956,1,0.85273492286115,0.575187969924812,0.714285714285714,0.588461538461538,0.36,0.851576994434137,0.652173913043478,0.592592592592593,0.53125,0.77134328358209,0.936188811188811,0.607142857142857,0.39030612244898,0.962460425146992,0.624125874125874,0.665217391304348,0.826086956521739,0.739130434782609,0.890625,0.388747731397459,0.807326007326007,0.404334038054968,0.724260355029586,0.708333333333333,0.920454545454545,0.965079365079365,0.657357679914071,0.907075873827792,0.684782608695652,0.683035714285714,0.538461538461538,0.727272727272727,0.571606475716065,0.781241601719968,0.787193973634652,0.556363636363636,0.939537080774681,0.650267379679144,0.86734693877551,0.627906976744186,0.950022716946842,0.760845383759733,0.665217391304348,0.647727272727273,0.85,0.821697099892589,0.861678004535147,0.88030888030888,0.3825,0.519230769230769,0.414473684210526,0.963497267759563,0.646808510638298,0.470769230769231,0.966758241758242,0.479623824451411,1,0.57315233785822,0.745614035087719,0.777966101694915,0.59765625,0.820925553319919,0.527586206896552,0.784615384615385,0.745098039215686,0.707945205479452,0.392307692307692,0.96469104665826,0.874285714285714,0.496753246753247,0.510567296996663,0.588461538461538,0.633333333333333,0.835820895522388,0.7125,0.650267379679144,0.759305210918114,0.810325476992144,0.850746268656717,0.706976744186047,0.886956521739131,0.6375,0.775075987841945,0.735576923076923
"hsa00561.xml-1",0.503033645890789,0.461770623742455,0.369565217391304,0.700460829493088,0.335526315789474,0.523076923076923,0.540540540540541,0.417582417582418,0.555241935483871,0.341772151898734,0.369922630560928,0.555959302325581,0.402631578947368,0.379652605459057,0.554347826086956,0.400263331138907,0.677361853832442,0.369565217391304,0.31875,0.481510621557828,0.551682692307692,0.554193368626358,0.342741935483871,0.388604821037253,0.417543859649123,0.465867929785456,0.289772727272727,0.615871190339275,0.500125722906714,0.48073605520414,0.5,0.525171624713959,0.43956043956044,0.735576923076923,0.553062462098241,0.388747731397459,0.422222222222222,0.482142857142857,0.566666666666667,0.493548387096774,0.576923076923077,0.361259655377302,0.495546558704453,0.486511202560585,0.472222222222222,0.553846153846154,0.386526315789474,0.421887390959556,0.554347826086956,0.451085499865988,0.617886178861789,0.603550295857988,0.760248447204969,0.511387163561077,0.435897435897436,0.621951219512195,0.474734042553191,0.499178981937603,0.365504061156235,0.460780598711633,0.514112903225806,0.51277754503561,0.331034482758621,0.480045937410278,0.583766909469303,0.458770614692654,0.414473684210526,0.422222222222222,0.49906191369606,0.439234449760766,0.31503088538092,0.53125,0.614705882352941,0.466973886328725,0.48005378753922,0.490384615384615,0.484177215189873,0.402366863905325,0.536842105263158,0.354823747680891,0.376082474226804,0.56547619047619,0.3984375,0.53125,0.514718250630782,0.426523297491039,0.510567296996663,0.593023255813953,0.577319587628866,0.572695035460993,0.357226792009401,0.543656637912897,0.538149350649351,0.523860021208908,0.516129032258065,0.589770723104056,0.277173913043478,0.515151515151515,0.407050216162288,0.573033707865168
"hsa00562.xml-1",0.979708761040821,0.968720468720469,0.969656231995391,0.981220657276995,0.921513269339356,1,0.972390572390572,0.994565820117556,0.993674089068826,0.955772113943028,0.959677419354839,0.927272727272727,0.967633928571428,0.982993197278912,0.97787610619469,1,0.927457627118644,0.972457627118644,0.883116883116883,0.926513911620295,0.97781954887218,0.967447306791569,0.940711462450593,0.935606060606061,0.959395559210526,1,0.936188811188811,0.944055944055944,0.969298245614035,0.962460425146992,0.9945,0.983060747663551,0.967515364354697,0.970108695652174,0.982626262626263,0.95558639833449,0.982373678025852,0.95937840785169,0.968978102189781,0.999172185430464,0.899038461538461,0.965079365079365,0.933141542002301,0.987715862560085,0.944444444444444,1,0.942360728075014,0.9576,0.974950560316414,0.923048510219158,0.98160469667319,0.966315789473684,0.959581881533101,0.95959595959596,0.949370503597122,0.974941875484371,0.957973626790627,0.977355325691921,0.971590909090909,0.993325917686318,0.944444444444444,0.970890410958904,0.922143579373104,0.942332436542286,0.985683607730852,0.957509881422925,0.960389610389611,0.963497267759563,1,0.980769230769231,0.966758241758242,1,1,0.942973037461227,0.960945529290853,0.957746478873239,0.955503512880562,0.933290071382219,0.983696900114811,0.965661103979461,0.953742886327156,0.961818961818962,0.968944099378882,0.96469104665826,0.923100521525719,0.924635620334163,0.96119733924612,1,0.970360237118103,0.985988583290088,0.964179104477612,0.915306915306915,0.82875,1,0.980645161290323,0.968477531857813,0.969196373121351,0.972065348931021,0.982222222222222,0.993407252022775
"hsa00563.xml-1",0.979708761040821,0.968720468720469,0.969656231995391,0.981220657276995,0.921513269339356,1,0.972390572390572,0.994565820117556,0.993674089068826,0.955772113943028,0.959677419354839,0.927272727272727,0.970108695652174,0.982993197278912,1,1,0.934426229508197,0.99498933901919,0.89639683624646,0.941538461538462,0.97781954887218,0.967447306791569,0.940711462450593,0.935606060606061,0.959395559210526,1,0.936188811188811,0.944055944055944,0.977982954545455,0.962460425146992,0.998121972916873,1,0.967515364354697,0.970108695652174,0.982626262626263,0.95558639833449,0.982373678025852,0.95937840785169,0.968978102189781,0.999172185430464,0.933238636363636,0.983874630933454,0.954325955734406,0.987715862560085,0.944444444444444,1,0.962543554006969,0.96570728720147,0.974950560316414,0.923048510219158,0.98160469667319,1,1,0.98320292123109,0.949370503597122,0.974941875484371,0.957973626790627,0.977355325691921,0.971590909090909,0.997105923210496,0.944444444444444,0.970890410958904,0.927536231884058,0.945273631840796,0.979017857142857,0.957509881422925,0.960389610389611,0.969807451293152,1,0.993415637860082,0.966758241758242,1,1,0.9276541640178,0.960945529290853,1,0.963031914893617,0.948837209302326,0.983696900114811,0.969290239450231,0.966814159292036,0.961818961818962,0.980151228733459,0.974219599316664,0.921275646743979,0.950120192307692,0.975652173913043,1,0.982788452782078,0.986259541984733,0.964179104477612,0.915306915306915,0.939705882352941,1,0.980645161290323,0.968477531857813,1,0.972065348931021,0.982222222222222,0.993407252022775
"hsa00563.xml-2",0.59375,0.82258064516129,0.942989214175655,0.904761904761905,0.7569573283859,0.544,0.603174603174603,0.784516129032258,0.596103896103896,0.776442307692308,0.74512987012987,0.555959302325581,0.575187969924812,0.596989966555184,0.786857142857143,0.833776595744681,0.677361853832442,0.774193548387097,0.666182873730044,0.544871794871795,0.551682692307692,0.791834387579068,0.551351351351351,0.452380952380952,0.755064935064935,0.595611285266458,0.860625,0.714285714285714,0.697265625,0.605392156862745,0.626654064272212,0.867777383906416,0.745098039215686,0.739130434782609,0.651960784313725,0.725431034482759,0.807326007326007,0.695454545454545,0.724260355029586,0.636174636174636,0.615871190339276,0.85655737704918,0.657357679914071,0.599605522682446,0.616935483870968,0.710526315789474,0.478424015009381,0.687782805429864,0.571606475716065,0.596989966555184,0.599014778325123,0.695454545454545,0.787644787644788,0.511387163561077,0.819642857142857,0.706153846153846,0.931034482758621,0.686009026434558,0.533101045296167,0.745098039215686,0.628152492668622,0.95625,0.606382978723404,0.734299516908213,0.615871190339276,0.738157894736842,0.414473684210526,0.57315233785822,0.646808510638298,0.51,0.85,0.708333333333333,0.94901144640999,0.584615384615385,0.541114058355438,0.772049144361562,0.46551724137931,0.796875,0.550664451827243,0.662337662337662,0.745098039215686,0.55609756097561,0.518292682926829,0.672527472527472,0.514718250630782,0.585459183673469,0.588461538461538,0.593023255813953,0.708624708624709,0.372549019607843,0.638655462184874,0.415868673050616,0.632978723404255,0.48,0.556776556776557,0.942857142857143,0.602727272727273,0.522898154477102,0.579545454545455,0.6375
"hsa00563.xml-3",0.870797527513945,0.964047442550037,0.969656231995391,0.981220657276995,0.921513269339356,0.952677459526775,0.864250177683013,0.994565820117556,0.993674089068826,0.955772113943028,0.891868259982512,0.902397260273973,0.967633928571428,0.982993197278912,0.97787610619469,1,0.915437561455261,0.944444444444444,0.805545805545806,0.882162162162162,0.706534287693373,0.967447306791569,0.940711462450593,0.844444444444444,0.931412337662338,1,0.936188811188811,0.923696126111018,0.969298245614035,0.942635658914729,0.907176446534451,0.983060747663551,0.967515364354697,0.93,0.982626262626263,0.95558639833449,0.895356895356895,0.927272727272727,0.927272727272727,0.867586206896552,0.825910931174089,0.987012987012987,0.921686746987952,0.947293447293447,0.944444444444444,1,0.910714285714286,0.896840502474305,0.906666666666667,0.835456862031307,0.913461538461538,0.934065934065934,0.959581881533101,0.787075393537697,0.949370503597122,0.862781954887218,0.957973626790627,0.838235294117647,0.837121212121212,0.974358974358974,0.869318181818182,0.970890410958904,0.922143579373104,0.942332436542286,0.898238747553816,0.87114174408151,0.927272727272727,0.963497267759563,1,0.896011396011396,0.966758241758242,1,1,0.883370756835293,0.921270510311606,0.957746478873239,0.80952380952381,0.930214115781126,0.966315789473684,0.965661103979461,0.906984906984907,0.961818961818962,0.920208500400962,0.96469104665826,0.811671087533157,0.924635620334163,0.855519480519481,0.955479452054794,0.970360237118103,0.892018779342723,0.900740740740741,0.779487179487179,0.907627118644068,1,0.892367906066536,0.968477531857813,0.918,0.941216678058783,0.960090361445783,0.889165628891656
"hsa00564.xml-1",0.979708761040821,0.968720468720469,0.969656231995391,0.981220657276995,0.921513269339356,1,0.972390572390572,0.994565820117556,0.993674089068826,0.955772113943028,0.962587031289321,0.927272727272727,0.967633928571428,0.989224137931035,0.98132427843803,1,0.947214076246334,0.981488269794721,0.89639683624646,0.921923076923077,0.97781954887218,0.967447306791569,0.940711462450593,0.935606060606061,0.962814645308925,1,0.936188811188811,0.944055944055944,0.996428571428571,0.962460425146992,0.9945,0.983060747663551,0.967515364354697,0.970108695652174,0.982626262626263,0.95558639833449,0.982373678025852,0.95937840785169,0.97371333702269,0.999172185430464,0.933238636363636,0.987012987012987,0.954325955734406,0.987715862560085,0.944444444444444,1,0.942360728075014,0.96570728720147,0.974950560316414,0.923048510219158,0.98160469667319,0.966315789473684,0.998260113092649,0.98320292123109,0.949370503597122,0.974941875484371,0.957973626790627,0.977355325691921,0.971590909090909,0.859026687598116,0.935779816513761,0.970890410958904,0.922143579373104,0.945273631840796,0.985683607730852,0.957509881422925,0.960389610389611,0.969807451293152,1,0.993415637860082,0.966758241758242,1,1,0.883370756835293,0.960945529290853,0.957746478873239,0.955503512880562,0.933290071382219,0.983696900114811,0.967633928571429,0.968269230769231,0.961818961818962,0.968944099378882,0.974219599316664,0.949195171026157,0.950120192307692,0.978260869565217,1,0.970360237118103,0.986259541984733,0.964179104477612,0.915306915306915,0.910714285714286,1,0.994547437295529,0.968477531857813,0.990572467060427,0.972065348931021,0.982222222222222,0.993407252022775
"hsa00564.xml-2",0.979708761040821,0.968720468720469,0.983984867591425,0.981220657276995,0.921513269339356,1,0.972390572390572,0.995695302264645,0.993674089068826,0.955772113943028,0.973404255319149,0.927272727272727,0.967633928571428,0.989224137931035,1,1,0.928953399541635,0.995495495495496,0.909574468085106,0.922480620155039,0.999364964165835,0.967447306791569,0.948214285714286,0.935606060606061,0.962814645308925,1,0.936188811188811,0.944055944055944,0.977982954545455,0.962460425146992,0.998121972916873,0.988041138483616,0.967515364354697,0.970108695652174,0.982626262626263,0.961094224924012,0.982373678025852,0.972663699936427,0.975524475524476,0.999172185430464,0.933238636363636,0.983874630933454,0.954325955734406,0.987715862560085,0.983876980428705,1,0.980357142857143,0.96570728720147,0.974950560316414,0.930348258706468,0.98160469667319,0.99010989010989,0.998260113092649,0.987350427350427,0.949370503597122,0.974941875484371,0.961508248232522,0.977355325691921,0.971590909090909,0.997105923210496,0.954710144927536,0.970890410958904,0.922143579373104,0.945273631840796,0.991253644314869,0.989792984473836,0.978260869565217,0.969807451293152,1,0.999183673469388,0.966758241758242,1,1,0.942973037461227,0.960945529290853,0.96469104665826,0.963031914893617,0.992585727525487,0.983696900114811,0.965661103979461,0.968269230769231,0.966613672496025,0.980151228733459,0.975164835164835,0.923100521525719,0.950120192307692,0.989120151371807,1,0.982788452782078,0.985988583290088,0.964179104477612,0.915306915306915,0.907627118644068,1,1,0.968477531857813,0.990572467060427,0.972065348931021,0.982222222222222,0.993407252022775
"hsa00564.xml-3",0.750493745885451,0.82258064516129,0.894736842105263,0.981220657276995,0.892838196286472,0.876643073811931,0.838235294117647,0.936825885978429,0.924725274725275,0.871794871794872,0.84472049689441,0.902397260273973,0.724736842105263,0.913520801232666,0.892024253731343,0.833776595744681,0.85273492286115,0.913432835820896,0.717532467532468,0.838203067932798,0.809523809523809,0.864406779661017,0.83955223880597,0.760760760760761,0.819810165339865,0.91239454899416,0.936188811188811,0.923696126111018,0.925,0.775227686703097,0.764235764235764,0.867777383906416,0.800561797752809,0.93,0.872678149273894,0.817307692307692,0.85972850678733,0.796875,0.778421052631579,0.827726120033812,0.799292214357937,0.860672614962251,0.752106741573034,0.848484848484849,0.943548387096774,0.950882117080994,0.85026992696094,0.8,0.906666666666667,0.783870967741935,0.795677136102668,0.869318181818182,0.939537080774681,0.844444444444445,0.9,0.826878039992794,0.950022716946842,0.84582651391162,0.838028169014084,0.786160156946674,0.819810165339865,0.970890410958904,0.91239454899416,0.759620189905047,0.878300803673938,0.848115299334812,0.807235726399095,0.680306905370844,0.909705958886287,0.840659340659341,0.818181818181818,0.81415057154119,0.941176470588235,0.797095603065752,0.921270510311606,0.875757575757576,0.834545454545455,0.803017877644743,0.852272727272727,0.7,0.745098039215686,0.853623188405797,0.742063492063492,0.96469104665826,0.898373983739837,0.881916996047431,0.855519480519481,0.955479452054794,0.792256142963515,0.835820895522388,0.778585591539987,0.742429176164116,0.759305210918114,0.902583854918954,0.860992039191672,0.933333333333333,0.696029776674938,0.839938239835306,0.76105379513633,0.85
"hsa00565.xml-1",0.870797527513945,0.913432835820896,0.969656231995391,0.980645161290323,0.921513269339356,0.916464303059738,0.921690921690922,0.918032786885246,0.924725274725275,0.926942266571632,0.809095716552089,0.923684210526316,0.6759941089838,0.940365448504983,0.892024253731343,0.833776595744681,0.85273492286115,0.95625,0.708333333333333,0.82027972027972,0.793921423276501,0.847739361702128,0.668539325842697,0.760760760760761,0.779286926994907,0.91239454899416,0.936188811188811,0.857142857142857,0.915071770334928,0.780821917808219,0.764235764235764,0.87111801242236,0.826086956521739,0.93,0.853932584269663,0.827798507462687,0.807326007326007,0.854003139717425,0.724260355029586,0.827726120033812,0.799292214357937,0.852805280528053,0.752106741573034,0.825,0.848286290322581,1,0.82996632996633,0.8,0.814948453608247,0.781241601719968,0.795256365538891,0.886100386100386,0.939537080774681,0.844444444444445,0.872379674660406,0.862781954887218,0.947443632899333,0.86527514231499,0.837121212121212,0.838795986622074,0.753566576086957,0.970890410958904,0.922143579373104,0.767676767676768,0.898238747553816,0.91695205479452,0.821978021978022,0.742913000977517,0.955512572533849,0.840659340659341,0.85,0.88953488372093,0.94901144640999,0.755502958579882,0.879459002535926,0.923684210526316,0.847809278350515,0.827027027027027,0.852272727272727,0.782125859333686,0.791666666666667,0.800936768149883,0.742063492063492,0.96469104665826,0.898373983739837,0.881916996047431,0.841275659824047,0.95625,0.730584366304073,0.835820895522388,0.764438676184296,0.742429176164116,0.7699189264747,0.902583854918954,0.860992039191672,0.942857142857143,0.720565149136578,0.842156386595435,0.775075987841945,0.857337573830077
"hsa00590.xml-1",0.763200518302559,0.968720468720469,0.969656231995391,0.981220657276995,0.921513269339356,0.95625,0.884292178409825,0.988026000684229,0.993674089068826,0.927272727272727,0.891868259982512,0.927272727272727,0.827027027027027,0.943667763157895,0.892024253731343,1,0.915437561455261,0.972457627118644,0.761528326745718,0.907114624505929,0.807692307692308,0.967447306791569,0.940711462450593,0.754342431761787,0.813829787234042,0.887972508591065,0.936188811188811,0.923696126111018,0.915071770334928,0.93514483465778,0.764235764235764,0.867777383906416,0.967515364354697,0.93,0.967592592592593,0.95558639833449,0.88426209430496,0.947751144626986,0.847826086956522,0.827726120033812,0.776503759398496,0.911616161616162,0.710471325748781,0.825,0.944444444444444,1,0.910714285714286,0.896840502474305,0.888888888888889,0.781241601719968,0.787193973634652,0.886100386100386,0.939537080774681,0.901185770750988,0.940092165898617,0.968354430379747,0.934065934065934,0.923921568627451,0.835235732009926,0.915268817204301,0.784981343283582,0.970890410958904,0.760845383759733,0.882011605415861,0.898238747553816,0.957509881422925,0.825075834175935,0.96,1,0.896011396011396,0.818181818181818,0.962814645308924,0.941176470588235,0.828714220808723,0.893465909090909,0.903917910447761,0.827027027027027,0.851576994434137,0.852272727272727,0.841319717203456,0.875576036866359,0.853623188405797,0.742063492063492,0.96469104665826,0.904639175257732,0.883967260471834,0.96119733924612,1,0.945601851851852,0.897222222222222,0.764438676184296,0.874680306905371,0.759305210918114,1,0.860992039191672,0.942857142857143,0.767000871839582,0.947548028311426,0.918141252500385,0.993407252022775
"hsa00591.xml-1",0.979708761040821,0.968720468720469,0.969656231995391,0.981220657276995,0.921513269339356,0.998297872340425,0.972390572390572,0.994565820117556,0.993674089068826,0.955772113943028,0.959677419354839,0.927272727272727,0.967633928571428,0.982993197278912,0.97787610619469,1,0.915437561455261,0.972457627118644,0.852842809364548,0.907954545454545,0.97781954887218,0.967447306791569,0.940711462450593,0.88899950223992,0.959395559210526,1,0.936188811188811,0.944055944055944,0.969298245614035,0.962460425146992,0.907176446534451,0.983060747663551,0.967515364354697,0.970108695652174,0.982626262626263,0.95558639833449,0.982373678025852,0.95937840785169,0.968978102189781,0.91820987654321,0.933238636363636,0.967090829311101,0.921686746987952,0.987715862560085,0.944444444444444,1,0.942360728075014,0.903225806451613,0.970445344129555,0.844206426484908,0.967104372546365,0.966315789473684,0.959581881533101,0.961720974375198,0.949370503597122,0.974941875484371,0.957973626790627,0.953177257525084,0.971590909090909,0.993325917686318,0.889887640449438,0.970890410958904,0.922143579373104,0.942332436542286,0.972282314764738,0.957509881422925,0.955025608194622,0.963497267759563,1,0.980769230769231,0.966758241758242,1,1,0.883370756835293,0.960869565217391,0.957746478873239,0.938311688311688,0.930214115781126,0.966315789473684,0.87288286682118,0.954656862745098,0.961818961818962,0.920208500400962,0.96469104665826,0.923100521525719,0.924635620334163,0.96119733924612,1,0.970360237118103,0.941176470588235,0.964179104477612,0.915306915306915,0.907627118644068,1,0.980645161290323,0.968477531857813,0.939473684210526,0.947548028311426,0.974005305039788,0.993407252022775
"hsa00592.xml-1",0.979708761040821,0.968720468720469,0.95625,0.981220657276995,0.93508956796628,1,0.972390572390572,0.995695302264645,0.993674089068826,0.955772113943028,0.964285714285714,0.927272727272727,0.991258741258741,0.833030852994555,1,1,0.948434188839181,0.944444444444444,0.89639683624646,0.941538461538462,0.809523809523809,0.967447306791569,0.940711462450593,0.936271025823264,0.959395559210526,0.931372549019608,0.951308139534884,0.944055944055944,0.996428571428571,0.98343685300207,0.9945,1,0.967515364354697,0.970108695652174,0.982626262626263,0.964706845725516,0.982373678025852,0.922191780821918,0.968978102189781,0.999172185430464,0.945985401459854,0.987012987012987,0.954325955734406,0.987715862560085,0.944444444444444,1,0.962543554006969,0.96570728720147,0.994152046783626,0.929364803887539,0.98160469667319,0.886100386100386,0.998260113092649,0.987350427350427,0.949370503597122,0.826878039992794,0.957973626790627,0.977355325691921,0.971590909090909,0.952380952380952,0.944444444444444,0.970890410958904,1,0.945273631840796,0.985683607730852,0.963129496402878,0.861971830985915,0.974682144831399,1,0.993415637860082,0.966758241758242,1,1,0.942973037461227,0.960945529290853,0.965576592082616,0.80952380952381,0.948837209302326,0.983696900114811,0.967633928571429,0.987350427350427,0.966613672496025,0.971428571428571,0.96469104665826,0.923100521525719,0.894155844155844,0.96119733924612,0.953389830508474,0.982788452782078,0.998889300259163,0.964179104477612,0.973949579831933,0.939705882352941,1,1,0.968477531857813,0.990572467060427,0.972065348931021,0.982222222222222,0.993506493506493
"hsa00600.xml-1",0.979708761040821,0.968720468720469,0.969656231995391,1,0.921513269339356,0.999183673469388,1,0.936825885978429,0.993674089068826,0.955772113943028,0.693877551020408,0.927272727272727,0.967633928571428,0.982993197278912,1,1,0.956834532374101,0.972457627118644,0.89639683624646,0.941538461538462,0.551682692307692,0.967447306791569,0.940711462450593,0.935606060606061,0.959395559210526,1,0.936188811188811,0.607142857142857,1,1,0.9945,1,0.800561797752809,0.878188775510204,1,0.6,0.982373678025852,0.95937840785169,0.910714285714286,0.999172185430464,0.998322147651007,0.987012987012987,0.933141542002301,0.987715862560085,0.944444444444444,0.869318181818182,0.910714285714286,0.96570728720147,0.994152046783626,0.968146718146718,1,0.893865628042843,1,0.95959595959596,0.962937062937063,0.974941875484371,1,0.939027665860865,0.838028169014084,0.993325917686318,0.935779816513761,0.970890410958904,1,1,0.991253644314869,0.957509881422925,0.960389610389611,0.963497267759563,0.957983193277311,0.840659340659341,0.957746478873239,0.855944055944056,1,0.883370756835293,0.729657228017884,0.957746478873239,0.879310344827586,0.796875,0.966315789473684,0.965661103979461,0.987350427350427,0.961818961818962,0.968944099378882,1,0.904639175257732,0.924635620334163,0.96119733924612,0.68,0.970360237118103,0.985988583290088,0.638655462184874,1,0.969067609368095,1,0.980645161290323,0.994792399718508,1,0.972065348931021,1,0.993407252022775
"hsa00601.xml-1",0.936825885978428,0.848479427549195,0.969656231995391,0.981220657276995,0.921513269339356,0.8666015625,0.921690921690922,0.988026000684229,0.924725274725275,0.927272727272727,0.90318772136954,0.923684210526316,0.902450090744102,0.932142857142857,0.95625,1,0.875800256081946,0.95625,0.805545805545806,0.907954545454545,0.887946428571429,0.967447306791569,0.940711462450593,0.760760760760761,0.959395559210526,1,0.936188811188811,0.923696126111018,0.915071770334928,0.780821917808219,0.831521739130435,0.867777383906416,0.967515364354697,0.93,0.853932584269663,0.93956043956044,0.870913380519043,0.95937840785169,0.847826086956522,0.827726120033812,0.799292214357937,0.965079365079365,0.900779220779221,0.947293447293447,0.944444444444444,1,0.932926829268293,0.687782805429864,0.794805194805195,0.747169811320755,0.795256365538891,0.886100386100386,0.939537080774681,0.787075393537697,0.949370503597122,0.974941875484371,0.957973626790627,0.86527514231499,0.966654966654967,0.859026687598116,0.628152492668622,0.970890410958904,0.922143579373104,0.829047841670563,0.878300803673938,0.84375,0.918918918918919,0.848604269293924,1,0.980769230769231,0.932571428571428,0.904538341158059,0.94901144640999,0.883370756835293,0.921270510311606,0.957746478873239,0.80952380952381,0.83566265060241,0.878921785240831,0.784615384615385,0.745098039215686,0.853623188405797,0.912328767123288,0.96469104665826,0.898373983739837,0.893575600259572,0.96119733924612,0.95625,0.819683181664981,0.881159420289855,0.80797342192691,0.742429176164116,0.759305210918114,0.973111395646607,0.89717303510407,0.933333333333333,0.767000871839582,0.82258064516129,0.743567753001715,0.852842809364549
"hsa00603.xml-1",0.979708761040821,0.968720468720469,0.986236933797909,0.981220657276995,0.921513269339356,0.999183673469388,0.972390572390572,0.994565820117556,0.993674089068826,0.993846153846154,0.959677419354839,0.927272727272727,0.967633928571428,0.982993197278912,1,1,0.915437561455261,0.977459016393443,0.89639683624646,0.907954545454545,0.97781954887218,0.967447306791569,0.940711462450593,0.935606060606061,0.962814645308925,1,0.936188811188811,0.944055944055944,0.969298245614035,0.975802469135803,0.987432065217391,1,0.975569358178054,0.970108695652174,0.986159169550173,0.95558639833449,0.982373678025852,0.95937840785169,0.968978102189781,0.945741758241758,0.933238636363636,0.987012987012987,0.954325955734406,0.987715862560085,0.944444444444444,1,0.942360728075014,0.96570728720147,0.994152046783626,0.923048510219158,0.98160469667319,1,1,0.961720974375198,0.949370503597122,0.874740124740125,0.957973626790627,0.939027665860865,0.966654966654967,0.993325917686318,0.916391639163916,0.977189781021898,0.922143579373104,0.942332436542286,0.944444444444444,0.957509881422925,0.955025608194622,0.99525290554919,1,0.95625,0.966758241758242,1,1,0.883370756835293,0.971484645578388,0.957746478873239,0.955503512880562,0.948837209302326,0.983696900114811,0.969290239450231,0.968269230769231,0.976882494004796,0.944444444444445,0.96469104665826,0.904639175257732,0.924635620334163,0.96119733924612,0.95625,0.970360237118103,0.985988583290088,0.964179104477612,0.913719943422914,0.966388450259418,1,0.980645161290323,0.968477531857813,0.990044798407168,0.972065348931021,0.982222222222222,0.993407252022775
"hsa00603.xml-2",0.979708761040821,0.968720468720469,0.969656231995391,0.992074592074592,0.93508956796628,1,1,1,0.993674089068826,0.993846153846154,0.962587031289321,0.943150684931507,0.967633928571428,0.989224137931035,1,1,0.947214076246334,1,0.909574468085106,0.967797584818861,0.97781954887218,0.967447306791569,0.948214285714286,0.935606060606061,0.959395559210526,1,0.936188811188811,0.944055944055944,0.999637023593467,1,0.9945,1,0.967515364354697,1,0.986372485399092,0.986607142857143,0.982373678025852,0.95937840785169,0.968978102189781,0.999172185430464,0.973325892857143,0.996820349761526,0.954325955734406,0.987715862560085,0.95625,1,0.980357142857143,0.96570728720147,0.994152046783626,0.968146718146718,0.98160469667319,1,1,0.987350427350427,0.949370503597122,0.974941875484371,0.961508248232522,0.977355325691921,1,0.993325917686318,0.954710144927536,0.970890410958904,0.922143579373104,1,0.991253644314869,0.957509881422925,0.96382849014428,0.99525290554919,1,0.993415637860082,0.971428571428572,1,1,0.949450549450549,0.960945529290853,1,0.991267605633803,0.992585727525487,0.983696900114811,1,0.987350427350427,0.990987535953979,1,0.974219599316664,0.932142857142857,0.930899608865711,0.978260869565217,1,1,0.991911764705882,0.964179104477612,0.973949579831933,0.907627118644068,1,1,0.968477531857813,1,0.972065348931021,1,0.993506493506493
"hsa00604.xml-1",0.983011583011583,0.968720468720469,0.986236933797909,0.981220657276995,0.921513269339356,1,1,1,0.993674089068826,0.955772113943028,0.9794921875,0.935687512329848,0.991258741258741,0.989224137931035,1,1,0.948434188839181,1,0.939762931034483,0.941538461538462,0.999364964165835,0.974005305039788,0.992790194664744,0.988745482705214,0.970371071563802,1,0.936188811188811,0.944055944055944,0.996428571428571,0.988179669030733,0.998121972916873,1,1,1,0.982626262626263,0.961094224924012,0.982373678025852,1,0.968978102189781,0.999172185430464,0.933238636363636,0.987012987012987,0.99664718842801,1,0.983876980428705,1,0.980357142857143,0.96570728720147,0.994152046783626,0.957746478873239,0.98160469667319,1,1,0.987350427350427,0.973958333333333,0.974941875484371,0.967334035827187,0.977355325691921,0.990675990675991,0.997105923210496,0.997448979591837,0.999823383963264,0.966840458811262,0.993963782696177,0.991253644314869,0.963129496402878,0.98494271685761,0.974682144831399,1,1,0.970319634703196,1,1,0.98569222851261,0.960945529290853,1,0.963031914893617,0.992585727525487,1,0.967633928571429,0.968269230769231,0.976882494004796,1,0.975164835164835,0.967334035827187,0.970580123195734,0.978260869565217,1,1,0.998889300259163,0.979416502595311,0.968627450980392,0.943764778451732,1,1,0.968477531857813,0.999506964131641,0.990454246214615,0.989297658862876,0.993407252022775
"hsa00604.xml-2",0.979708761040821,0.968720468720469,0.983984867591425,0.981220657276995,0.921513269339356,1,0.972390572390572,0.994565820117556,0.993674089068826,0.955772113943028,0.959677419354839,0.927272727272727,0.967633928571428,0.982993197278912,0.97787610619469,1,0.915437561455261,0.972457627118644,0.893691588785047,0.916541865214432,0.97781954887218,0.967447306791569,0.940711462450593,0.935606060606061,0.959395559210526,1,0.936188811188811,0.944055944055944,0.969298245614035,0.962460425146992,0.9945,0.984663836779406,0.967515364354697,0.970108695652174,0.982626262626263,0.95558639833449,0.982373678025852,0.95937840785169,0.97371333702269,0.999172185430464,0.933238636363636,0.965079365079365,0.942781690140845,0.987715862560085,0.944444444444444,1,0.942360728075014,0.96570728720147,0.974950560316414,0.923048510219158,0.98160469667319,0.966315789473684,0.959581881533101,0.98320292123109,0.949370503597122,0.974941875484371,0.957973626790627,0.977355325691921,0.971590909090909,0.993325917686318,0.935779816513761,0.970890410958904,0.922143579373104,0.942332436542286,0.979017857142857,0.957509881422925,0.960389610389611,0.963497267759563,1,0.980769230769231,0.966758241758242,1,1,0.898109243697479,0.960945529290853,0.98011477378887,0.952,0.933290071382219,0.983696900114811,0.965661103979461,0.966814159292036,0.961818961818962,0.959448160535117,0.96469104665826,0.921275646743979,0.924635620334163,0.96119733924612,1,0.970360237118103,0.985988583290088,0.964179104477612,0.903149138443256,0.907627118644068,1,0.980645161290323,0.968477531857813,0.990572467060427,0.972065348931021,0.982222222222222,0.993407252022775
"hsa00620.xml-1",0.653763440860215,0.56043956043956,0.720652173913043,0.706976744186047,0.332608695652174,0.544,0.562962962962963,0.732841747022121,0.704878048780488,0.508305647840532,0.635164835164835,0.628767123287671,0.494563620334999,0.518292682926829,0.542168674698795,0.593088071348941,0.677361853832442,0.52987012987013,0.427033492822966,0.52987012987013,0.551682692307692,0.567813765182186,0.516697936210131,0.421052631578947,0.532173913043478,0.595611285266458,0.676093680954485,0.714285714285714,0.492277992277992,0.527777777777778,0.544871794871795,0.559756097560976,0.394805194805195,0.724182444061962,0.527777777777778,0.413513513513514,0.394463667820069,0.439655172413793,0.724260355029586,0.492413793103448,0.576923076923077,0.562962962962963,0.566841617783266,0.716186252771619,0.646198830409357,0.553846153846154,0.483204134366925,0.58317347218416,0.62962962962963,0.384146341463415,0.681434599156118,0.708333333333333,0.787644787644788,0.498509242695289,0.541505791505791,0.621951219512195,0.823846153846154,0.499178981937603,0.575187969924812,0.579348579348579,0.347727272727273,0.704605263157895,0.316271327507283,0.38846294267981,0.677157610031965,0.582857142857143,0.414473684210526,0.605392156862745,0.646808510638298,0.470769230769231,0.442054574638844,0.590733590733591,0.779487179487179,0.504145936981758,0.53968253968254,0.662098809953119,0.484177215189873,0.514429812272345,0.550664451827243,0.448351648351648,0.611764705882353,0.549397590361446,0.566067653276956,0.59850640113798,0.6,0.468427095292767,0.547317073170732,0.626654064272212,0.577319587628866,0.493506493506494,0.4275,0.415868673050616,0.538149350649351,0.486046511627907,0.536585365853659,0.53167508744656,0.553618421052632,0.61025641025641,0.437142857142857,0.593023255813953
"hsa00620.xml-2",0.174913693901036,0.217329545454545,0.235384615384615,0.234567901234568,0.213986013986014,0.221739130434783,0.150793650793651,0.258503401360544,0.14010989010989,0.161904761904762,0.219827586206897,0.277173913043478,0.235023041474654,0.182142857142857,0.263793103448276,0.14100185528757,0.2,0.1875,0.142857142857143,0.213986013986014,0.217329545454545,0.196153846153846,0.310344827586207,0.177156177156177,0.168131868131868,0.159663865546219,0.167763157894737,0.287593984962406,0.298051948051948,0.226865671641791,0.253731343283582,0.207598371777476,0.151243781094527,0.368378812199037,0.225185185185185,0.173863636363636,0.166666666666667,0.228358208955224,0.190298507462687,0.235384615384615,0.151785714285714,0.149019607843137,0.195902688860435,0.194871794871795,0.224340175953079,0.217329545454545,0.160714285714286,0.164502164502164,0.220779220779221,0.198701298701299,0.146153846153846,0.242857142857143,0.20958904109589,0.183574879227053,0.151785714285714,0.223684210526316,0.147683397683398,0.186274509803922,0.290506329113924,0.237871674491393,0.158385093167702,0.154545454545455,0.160676532769556,0.157349896480331,0.196153846153846,0.198701298701299,0.225,0.166666666666667,0.183574879227053,0.156122448979592,0.1275,0.223684210526316,0.162393162393162,0.178403755868545,0.228017883755589,0.273214285714286,0.195902688860435,0.161904761904762,0.210743801652893,0.132467532467532,0.215909090909091,0.148727984344423,0.283333333333333,0.400313971742543,0.245192307692308,0.172297297297297,0.279452054794521,0.213986013986014,0.186274509803922,0.133333333333333,0.144761904761905,0.139705882352941,0.283333333333333,0.232950191570881,0.205405405405405,0.187654320987654,0.246376811594203,0.205645161290323,0.294230769230769,0.346153846153846
"hsa00630.xml-1",0.979708761040821,0.968720468720469,0.969656231995391,0.981220657276995,0.921513269339356,1,0.972390572390572,0.994565820117556,0.993674089068826,0.955772113943028,0.959677419354839,0.927272727272727,0.967633928571428,0.982993197278912,0.97787610619469,1,0.915437561455261,0.972457627118644,0.883116883116883,0.907954545454545,0.97781954887218,0.967447306791569,0.940711462450593,0.88899950223992,0.959395559210526,1,0.936188811188811,0.944055944055944,0.969298245614035,0.941176470588235,0.9945,0.983060747663551,0.967515364354697,0.970108695652174,0.982626262626263,0.95558639833449,0.982373678025852,0.95937840785169,0.968978102189781,0.99609375,0.933238636363636,0.965079365079365,0.933141542002301,0.987715862560085,0.944444444444444,1,0.942360728075014,0.96570728720147,0.974950560316414,0.923048510219158,0.98160469667319,0.966315789473684,0.998260113092649,0.95959595959596,0.949370503597122,0.974941875484371,0.957973626790627,0.939027665860865,0.971590909090909,0.993325917686318,0.916391639163916,0.970890410958904,0.922143579373104,0.942332436542286,0.978214539426948,0.957509881422925,0.955025608194622,0.963497267759563,1,0.980769230769231,0.966758241758242,1,1,0.883370756835293,0.960945529290853,0.957746478873239,0.949306930693069,0.930214115781126,0.983696900114811,0.965661103979461,0.953742886327156,0.961818961818962,0.959448160535117,0.96469104665826,0.904639175257732,0.924635620334163,0.96119733924612,1,0.970360237118103,0.985988583290088,0.964179104477612,0.915306915306915,0.907627118644068,1,0.980645161290323,0.968477531857813,0.990572467060427,0.972065348931021,0.982222222222222,0.993407252022775
"hsa00630.xml-2",0.979708761040821,1,0.969656231995391,0.981220657276995,1,1,0.972390572390572,0.994565820117556,0.993674089068826,0.993846153846154,0.959677419354839,0.927272727272727,0.991258741258741,0.989224137931035,0.97787610619469,1,0.915437561455261,0.972457627118644,0.883116883116883,0.907954545454545,0.793921423276501,0.967447306791569,0.940711462450593,0.835164835164835,0.959395559210526,1,0.936188811188811,0.923696126111018,1,0.962460425146992,0.9945,1,0.975569358178054,0.970108695652174,1,0.95558639833449,0.982373678025852,0.95937840785169,0.968978102189781,0.999172185430464,1,1,0.933141542002301,0.987715862560085,0.95625,1,0.980357142857143,0.96570728720147,0.994152046783626,0.975503355704698,0.98160469667319,0.966315789473684,1,0.961720974375198,0.949370503597122,0.974941875484371,0.957973626790627,0.977355325691921,0.990675990675991,0.993325917686318,0.954710144927536,0.970890410958904,0.922143579373104,0.945273631840796,0.985683607730852,0.957509881422925,0.960389610389611,1,1,0.95625,0.966758241758242,1,1,0.95689287238583,0.960869565217391,0.965576592082616,0.991267605633803,0.930214115781126,1,0.969290239450231,0.987350427350427,0.990133154516716,1,0.96469104665826,0.921275646743979,0.924635620334163,0.987676056338028,1,0.970360237118103,1,0.964179104477612,0.915306915306915,1,1,0.980645161290323,0.968477531857813,0.999506964131641,0.990454246214615,1,1
"hsa00630.xml-3",0.745098039215686,0.82258064516129,0.826388888888889,0.904761904761905,0.872368421052632,0.776086956521739,0.838235294117647,0.860215053763441,0.794805194805195,0.784615384615385,0.809095716552089,0.628767123287671,0.498913043478261,0.811104910714286,0.796875,0.808214154748808,0.738581146744412,0.774193548387097,0.528414442700157,0.588461538461538,0.590082644628099,0.88006902502157,0.725462304409673,0.686868686868687,0.755064935064935,0.745098039215686,0.765,0.857142857142857,0.791666666666667,0.603174603174603,0.715324675324675,0.713702623906706,0.745098039215686,0.82258064516129,0.853932584269663,0.679245283018868,0.695652173913043,0.657862407862408,0.724260355029586,0.823846153846154,0.799292214357937,0.562962962962963,0.675935550935551,0.806366047745358,0.684782608695652,0.683035714285714,0.538461538461538,0.771014492753623,0.643026004728132,0.781241601719968,0.820551005212211,0.809523809523809,0.939537080774681,0.778688524590164,0.817307692307692,0.678793256433008,0.755928853754941,0.703703703703704,0.835235732009926,0.671637669152168,0.712380952380952,0.834545454545454,0.606382978723404,0.480045937410278,0.82681420483788,0.695454545454545,0.588287488908607,0.715447154471545,0.820687695368002,0.430985915492958,0.730769230769231,0.81415057154119,1,0.497093023255814,0.729657228017884,0.728571428571429,0.751842751842752,0.53125,0.641199226305609,0.75,0.745098039215686,0.707945205479452,0.742063492063492,0.781550480769231,0.624489795918367,0.7409200968523,0.703125,0.736363636363636,0.631229235880399,0.74025974025974,0.434285714285714,0.568376068376068,0.7699189264747,0.810325476992144,0.712630998345284,0.895262483994878,0.735993208828523,0.82258064516129,0.699055741699665,0.793202764976959
"hsa00640.xml-1",0.689002759164367,0.461770623742455,0.721244500314268,0.900740740740741,0.644210526315789,0.544,0.447811447811448,0.625514403292181,0.555241935483871,0.412955465587044,0.635164835164835,0.556363636363636,0.402631578947368,0.514285714285714,0.554347826086956,0.400263331138907,0.564007421150278,0.575187969924812,0.227678571428571,0.52987012987013,0.551682692307692,0.405835543766578,0.516697936210131,0.285071267816954,0.532173913043478,0.356472795497186,0.710526315789474,0.689371852637159,0.382117882117882,0.527777777777778,0.5,0.525171624713959,0.28952380952381,0.739130434782609,0.571623931623932,0.413513513513514,0.585365853658537,0.437142857142857,0.724260355029586,0.61569416498994,0.590733590733591,0.361259655377302,0.566666666666667,0.538625088589653,0.646198830409357,0.359154929577465,0.483204134366925,0.529281418170307,0.571606475716065,0.326226012793177,0.617886178861789,0.695454545454545,0.787644787644788,0.534632034632035,0.435897435897436,0.621951219512195,0.631756756756757,0.499178981937603,0.51,0.428169014084507,0.312244897959184,0.68,0.457142857142857,0.38846294267981,0.615871190339276,0.515151515151515,0.407782515991471,0.57315233785822,0.646808510638298,0.439234449760766,0.395787139689579,0.479623824451411,0.614705882352941,0.31716223265519,0.705533596837945,0.490384615384615,0.484177215189873,0.37469387755102,0.550664451827243,0.503289473684211,0.65,0.55609756097561,0.518292682926829,0.59850640113798,0.514718250630782,0.408,0.526980482204363,0.553846153846154,0.521341463414634,0.370731707317073,0.357226792009401,0.354312354312354,0.460843373493976,0.438461538461538,0.45037037037037,0.609876543209876,0.553618421052632,0.522898154477102,0.388127853881279,0.567086730911787
"hsa00640.xml-2",0.976568405139834,0.968720468720469,0.969656231995391,0.981220657276995,0.921513269339356,0.95625,0.972390572390572,0.988026000684229,0.993674089068826,0.955772113943028,0.90318772136954,0.927272727272727,0.827027027027027,0.943667763157895,0.95625,1,0.85273492286115,0.952677459526775,0.821634062140391,0.907954545454545,0.870731707317073,0.967447306791569,0.940711462450593,0.835164835164835,0.931412337662338,1,0.936188811188811,0.923696126111018,0.969298245614035,0.93514483465778,0.975903614457831,0.981987577639751,0.967515364354697,0.970108695652174,0.982626262626263,0.95558639833449,0.9375,0.922191780821918,0.968978102189781,0.945741758241758,0.86005039736383,0.965079365079365,0.921686746987952,0.95,0.944444444444444,1,0.942360728075014,0.943813418143268,0.926691729323308,0.887362637362637,0.967104372546365,0.886100386100386,0.959581881533101,0.916863362182009,0.949370503597122,0.96521268925739,0.957973626790627,0.939027665860865,0.967479674796748,0.859026687598116,0.819810165339865,0.970890410958904,0.922143579373104,0.882011605415861,0.944444444444444,0.87114174408151,0.955025608194622,0.960695239976299,1,0.896011396011396,0.966758241758242,1,1,0.883370756835293,0.960869565217391,0.957746478873239,0.875415282392027,0.912962962962963,0.881258307487816,0.87288286682118,0.875576036866359,0.961818961818962,0.921836834391793,0.96469104665826,0.852842809364549,0.924635620334163,0.96119733924612,0.95625,0.970360237118103,0.835820895522388,0.886977886977887,0.823793787177793,0.832491255343957,1,0.942818375654197,0.957037037037037,0.969196373121351,0.967241379310345,0.960090361445783,0.993407252022775
"hsa00640.xml-3",0.689002759164367,0.82258064516129,0.95625,0.900740740740741,0.689189189189189,0.776086956521739,0.833855799373041,0.808241940844134,0.887515762925599,0.91190165766437,0.845913461538462,0.902397260273973,0.498913043478261,0.782858970259034,0.892024253731343,0.742955721679126,0.738581146744412,0.861486486486486,0.528414442700157,0.741918103448276,0.626315789473684,0.855944055944056,0.769862288135593,0.707170224411604,0.779286926994907,0.77134328358209,0.739130434782609,0.886166184005347,0.805263157894737,0.605392156862745,0.721131186174391,0.778846153846154,0.800561797752809,0.82258064516129,0.841491841491842,0.725431034482759,0.807326007326007,0.766917293233083,0.847826086956522,0.770957398076042,0.718905472636816,0.745098039215686,0.710471325748781,0.825,0.807724367879967,0.984210526315789,0.733125,0.690909090909091,0.814948453608247,0.725806451612903,0.754716981132075,0.794805194805195,0.939537080774681,0.787075393537697,0.765,0.826878039992794,0.934065934065934,0.703703703703704,0.835235732009926,0.671637669152168,0.628152492668622,0.913129973474801,0.745098039215686,0.651428571428571,0.861751152073733,0.738157894736842,0.821978021978022,0.777272727272727,0.909705958886287,0.548387096774194,0.730769230769231,0.809523809523809,0.94901144640999,0.755502958579882,0.833535108958838,0.702330508474576,0.796875,0.703448275862069,0.778405879027699,0.7409200968523,0.730267673301304,0.805529953917051,0.669401148482363,0.931938559322034,0.654545454545455,0.794262295081967,0.71957671957672,0.810381355932203,0.730584366304073,0.644796380090498,0.7125,0.678571428571429,0.644314868804665,0.884188260179799,0.84891240446796,0.825614636935392,0.767000871839582,0.885416666666667,0.751578947368421,0.827524038461538
"hsa00640.xml-4",0.979708761040821,0.968720468720469,0.969656231995391,0.981220657276995,0.921513269339356,0.998297872340425,0.972390572390572,0.994565820117556,0.993674089068826,0.955772113943028,0.959677419354839,0.927272727272727,0.967633928571428,0.943667763157895,0.97787610619469,1,0.915437561455261,0.972457627118644,0.883116883116883,0.921923076923077,0.97781954887218,0.967447306791569,0.940711462450593,0.863636363636364,0.959395559210526,1,0.936188811188811,0.944055944055944,0.969298245614035,0.826666666666667,0.982758620689655,0.983060747663551,0.967515364354697,0.970108695652174,0.982626262626263,0.95558639833449,0.982373678025852,0.95937840785169,0.968978102189781,0.999172185430464,0.920454545454545,0.965079365079365,0.921686746987952,0.987715862560085,0.944444444444444,1,0.942360728075014,0.95045695045695,0.970445344129555,0.923048510219158,0.98160469667319,0.966315789473684,0.959581881533101,0.916863362182009,0.949370503597122,0.974941875484371,0.957973626790627,0.939027665860865,0.971590909090909,0.993325917686318,0.869318181818182,0.970890410958904,0.922143579373104,0.942332436542286,0.978214539426948,0.957509881422925,0.955025608194622,0.963497267759563,1,0.980769230769231,0.966758241758242,1,1,0.861538461538462,0.960869565217391,0.957746478873239,0.938311688311688,0.930214115781126,0.966315789473684,0.965661103979461,0.906984906984907,0.961818961818962,0.928865979381443,0.96469104665826,0.904639175257732,0.924635620334163,0.96119733924612,1,0.970360237118103,0.985988583290088,0.964179104477612,0.913719943422914,0.9,1,0.95,0.968477531857813,0.990572467060427,0.972065348931021,0.982222222222222,0.993407252022775
"hsa00650.xml-1",0.367149758454106,0.42358803986711,0.478125,0.392561983471074,0.242088607594937,0.364285714285714,0.150793650793651,0.299802761341223,0.14010989010989,0.195402298850575,0.364285714285714,0.4,0.235023041474654,0.182142857142857,0.263793103448276,0.14100185528757,0.308316430020284,0.276506024096386,0.142857142857143,0.314814814814815,0.437142857142857,0.267482517482518,0.342741935483871,0.268788682581786,0.168131868131868,0.354312354312354,0.280905752753978,0.332608695652174,0.362215909090909,0.329004329004329,0.274193548387097,0.339246119733925,0.151243781094527,0.4,0.419310344827586,0.240188383045526,0.252491694352159,0.404334038054968,0.190298507462687,0.263339070567986,0.151785714285714,0.215450035435861,0.472222222222222,0.359168241965974,0.327447833065811,0.287593984962406,0.160714285714286,0.314699792960663,0.28021978021978,0.217329545454545,0.226358897989576,0.294230769230769,0.366028708133971,0.271428571428571,0.151785714285714,0.364285714285714,0.147683397683398,0.247154471544715,0.356643356643357,0.245161290322581,0.211764705882353,0.298245614035088,0.160676532769556,0.203208556149733,0.323467230443975,0.27,0.28021978021978,0.166666666666667,0.262068965517241,0.302371541501976,0.1275,0.223684210526316,0.298039215686275,0.283935242839352,0.263339070567986,0.273214285714286,0.34,0.230421686746988,0.26984126984127,0.132467532467532,0.325133689839572,0.148727984344423,0.3825,0.400313971742543,0.36,0.172297297297297,0.309716599190283,0.276506024096386,0.335294117647059,0.133333333333333,0.265734265734266,0.226190476190476,0.283333333333333,0.287878787878788,0.327586206896552,0.267605633802817,0.246376811594203,0.273703041144902,0.298051948051948,0.404494382022472
"hsa00670.xml-1",0.979708761040821,0.968720468720469,0.969656231995391,0.981220657276995,0.921513269339356,0.95625,0.972390572390572,0.994565820117556,0.993674089068826,0.955772113943028,0.959677419354839,0.927272727272727,0.967633928571428,0.982993197278912,0.97787610619469,1,0.915437561455261,0.972457627118644,0.852842809364548,0.907954545454545,0.957960644007156,0.967447306791569,0.940711462450593,0.935606060606061,0.959395559210526,1,0.936188811188811,0.944055944055944,0.969298245614035,0.962460425146992,0.9945,0.983060747663551,0.967515364354697,0.970108695652174,0.982626262626263,0.95558639833449,0.982373678025852,0.95937840785169,0.968978102189781,0.999172185430464,0.920454545454545,0.965079365079365,0.933141542002301,0.987715862560085,0.944444444444444,1,0.942360728075014,0.95045695045695,0.974950560316414,0.923048510219158,0.98160469667319,0.966315789473684,0.959581881533101,0.95959595959596,0.949370503597122,0.974941875484371,0.957973626790627,0.939027665860865,0.971590909090909,0.993325917686318,0.916391639163916,0.970890410958904,0.922143579373104,0.942332436542286,0.978214539426948,0.935,0.960389610389611,0.963497267759563,1,0.980769230769231,0.966758241758242,1,1,0.881869460112812,0.960869565217391,0.957746478873239,0.938311688311688,0.933290071382219,0.968354430379747,0.965661103979461,0.966814159292036,0.961818961818962,0.928865979381443,0.96469104665826,0.904639175257732,0.924635620334163,0.96119733924612,1,0.970360237118103,0.941176470588235,0.964179104477612,0.903149138443256,0.910714285714286,1,0.980645161290323,0.968477531857813,0.969196373121351,0.947548028311426,0.982222222222222,0.993407252022775
"hsa00730.xml-1",0.881159420289855,0.82258064516129,0.95625,0.981220657276995,0.916666666666667,0.840659340659341,0.864250177683013,0.918032786885246,0.95625,0.926942266571632,0.891868259982512,0.906330988522769,0.799342105263158,0.811104910714286,0.95625,1,0.851628968665698,0.802447552447552,0.805545805545806,0.838203067932798,0.754934210526316,0.917082917082917,0.935,0.709408007860477,0.813829787234042,0.91239454899416,0.936188811188811,0.905844155844156,0.915071770334928,0.806021211084502,0.831521739130435,0.933293978748524,0.775510204081633,0.884888059701493,0.917043740573152,0.827798507462687,0.85972850678733,0.927272727272727,0.847826086956522,0.851351351351351,0.799292214357937,0.831168831168831,0.790540540540541,0.947293447293447,0.944444444444444,1,0.932926829268293,0.896840502474305,0.888888888888889,0.844206426484908,0.832803110639802,0.886100386100386,0.941538461538462,0.854232525465402,0.914673913043478,0.918,0.957973626790627,0.869565217391304,0.838028169014084,0.893162393162393,0.847310126582279,0.970890410958904,0.86890243902439,0.750617283950617,0.898238747553816,0.826823876197494,0.863013698630137,0.777272727272727,0.955512572533849,0.896011396011396,0.932571428571428,0.869318181818182,1,0.66682059570538,0.921270510311606,0.814349584841388,0.796875,0.796875,0.878921785240831,0.868681318681319,0.875576036866359,0.853623188405797,0.807692307692308,0.96469104665826,0.852842809364549,0.881916996047431,0.948076923076923,0.955479452054794,0.771272443403591,0.835820895522388,0.886977886977887,0.706976744186047,0.7699189264747,0.884188260179799,0.860992039191672,0.942857142857143,0.788497217068646,0.82258064516129,0.776176948051948,0.830769230769231
"hsa00740.xml-1",0.962025316455696,0.968720468720469,0.986236933797909,0.981220657276995,0.921513269339356,0.95625,0.819407008086253,0.994565820117556,0.993674089068826,0.955772113943028,0.959677419354839,0.927272727272727,0.967633928571428,0.982993197278912,0.97787610619469,1,0.906200317965024,0.972457627118644,0.874618902439025,0.894736842105263,0.97781954887218,0.967447306791569,0.940711462450593,0.863636363636364,0.959395559210526,1,0.936188811188811,0.886166184005347,0.969298245614035,0.687005649717514,0.975903614457831,0.983060747663551,0.967515364354697,0.970108695652174,0.982626262626263,0.95558639833449,0.982373678025852,0.95937840785169,0.968978102189781,0.945741758241758,0.825910931174089,0.968399592252803,0.925116279069767,0.987715862560085,0.944444444444444,1,0.932926829268293,0.943813418143268,0.970445344129555,0.912343470483005,0.967104372546365,0.965853658536585,0.959581881533101,0.787075393537697,0.949370503597122,0.874740124740125,0.957973626790627,0.923921568627451,0.945173745173745,0.993325917686318,0.847310126582279,0.970890410958904,0.922143579373104,0.88030888030888,0.944444444444444,0.957509881422925,0.825075834175935,0.925418569254186,1,0.980769230769231,0.966758241758242,1,1,0.883370756835293,0.960945529290853,0.957746478873239,0.796875,0.933290071382219,0.966315789473684,0.87288286682118,0.906984906984907,0.961818961818962,0.86231884057971,0.96469104665826,0.811671087533157,0.924635620334163,0.952677459526775,1,0.970360237118103,0.897222222222222,0.964179104477612,0.74025974025974,0.832491255343957,0.930612244897959,0.980645161290323,0.968477531857813,0.969196373121351,0.941216678058783,0.982222222222222,0.86328125
"hsa00750.xml-1",0.750493745885451,0.724431818181818,0.894736842105263,0.981220657276995,0.814792899408284,0.639632107023411,0.833855799373041,0.913270637408569,0.815565031982942,0.883116883116883,0.886363636363636,0.860625,0.635057471264368,0.728571428571429,0.892024253731343,0.833776595744681,0.774074074074074,0.886363636363636,0.6215625,0.588461538461538,0.65948275862069,0.967447306791569,0.769862288135593,0.595244755244755,0.779286926994907,0.853061224489796,0.739130434782609,0.689371852637159,0.790470723306544,0.642072655589975,0.715324675324675,0.713702623906706,0.800561797752809,0.82258064516129,0.841491841491842,0.630494505494505,0.775510204081633,0.782082324455206,0.847826086956522,0.708333333333333,0.576923076923077,0.638655462184874,0.710471325748781,0.775166297117517,0.807724367879967,1,0.538461538461538,0.690909090909091,0.798626373626374,0.835235732009926,0.689342403628118,0.823244552058111,0.840659340659341,0.778688524590164,0.820175438596491,0.678793256433008,0.823846153846154,0.760845383759733,0.835235732009926,0.653763440860215,0.650510204081633,0.970890410958904,0.822510822510822,0.734299516908213,0.82681420483788,0.738157894736842,0.807235726399095,0.715447154471545,0.909705958886287,0.716475095785441,0.932571428571428,0.82258064516129,1,0.648648648648649,0.836065573770492,0.817845394736842,0.751842751842752,0.653846153846154,0.672527472527473,0.646739130434783,0.745098039215686,0.734891216760677,0.742063492063492,0.827027027027027,0.654545454545455,0.653846153846154,0.71957671957672,0.807724367879967,0.792256142963515,0.701221166892809,0.7125,0.650267379679144,0.759305210918114,0.914438502673797,0.850746268656717,0.825614636935392,0.796875,0.835235732009926,0.775075987841945,0.774291497975709
"hsa00760.xml-1",0.979708761040821,0.968720468720469,0.969656231995391,0.981220657276995,0.921513269339356,0.973395026026605,0.972390572390572,0.994565820117556,0.993674089068826,0.955772113943028,0.959677419354839,0.927272727272727,0.928039702233251,0.982993197278912,0.97787610619469,1,0.915437561455261,0.972457627118644,0.874618902439025,0.907954545454545,0.97781954887218,0.967447306791569,0.940711462450593,0.88899950223992,0.959395559210526,1,0.936188811188811,0.944055944055944,0.969298245614035,0.962460425146992,0.982758620689655,0.983060747663551,0.967515364354697,0.970108695652174,0.982626262626263,0.95558639833449,0.982373678025852,0.95937840785169,0.968978102189781,0.945741758241758,0.933238636363636,0.965079365079365,0.950882117080994,0.987715862560085,0.944444444444444,1,0.942360728075014,0.95045695045695,0.970445344129555,0.923048510219158,0.98160469667319,0.966315789473684,0.959581881533101,0.961720974375198,0.949370503597122,0.974941875484371,0.957973626790627,0.939027665860865,0.971590909090909,0.993325917686318,0.916391639163916,0.970890410958904,0.922143579373104,0.942332436542286,0.978214539426948,0.957509881422925,0.960389610389611,0.963497267759563,1,0.980769230769231,0.966758241758242,1,1,0.881869460112812,0.960945529290853,0.957746478873239,0.938311688311688,0.933290071382219,0.966315789473684,0.965661103979461,0.954656862745098,0.961818961818962,0.928865979381443,0.96469104665826,0.921275646743979,0.924635620334163,0.96119733924612,1,0.970360237118103,0.903119326621555,0.964179104477612,0.914438502673797,0.907627118644068,1,0.980645161290323,0.968477531857813,0.964975845410628,0.947548028311426,0.960090361445783,0.993407252022775
"hsa00770.xml-1",0.689002759164367,0.724431818181818,0.720652173913043,0.706976744186047,0.689189189189189,0.544,0.833855799373041,0.784516129032258,0.75135693977772,0.486744432661718,0.635164835164835,0.555959302325581,0.402631578947368,0.657738095238095,0.608955223880597,0.734299516908212,0.738581146744412,0.575187969924812,0.485714285714286,0.590733590733591,0.551682692307692,0.641958041958042,0.562876254180602,0.521142857142857,0.532173913043478,0.633710541989279,0.739130434782609,0.642857142857143,0.771428571428571,0.527777777777778,0.651063829787234,0.713702623906706,0.406417112299465,0.82258064516129,0.715294117647059,0.6,0.537313432835821,0.695454545454545,0.724260355029586,0.708333333333333,0.6375,0.537966537966538,0.643758765778401,0.738888888888889,0.684782608695652,0.683035714285714,0.478424015009381,0.687782805429864,0.672527472527473,0.68,0.734891216760677,0.767815322850452,0.787644787644788,0.637316561844864,0.607142857142857,0.621951219512195,0.749082007343941,0.670447385003151,0.680215941568752,0.559571619812584,0.426480836236934,0.777142857142857,0.600790513833992,0.480045937410278,0.627840909090909,0.61569416498994,0.496430889033095,0.605392156862745,0.646808510638298,0.494708994708995,0.730769230769231,0.72626582278481,0.906818181818182,0.504145936981758,0.708333333333333,0.662098809953119,0.546754020250149,0.356809701492537,0.550664451827243,0.7,0.709838107098381,0.616811594202899,0.612,0.781550480769231,0.548923679060665,0.468427095292767,0.521739130434783,0.632978723404255,0.638655462184874,0.496732026143791,0.427767354596623,0.415868673050616,0.622535211267606,0.624413145539906,0.536585365853659,0.780193236714976,0.720565149136578,0.522898154477102,0.618806875631951,0.593023255813953
"hsa00770.xml-2",0.979708761040821,0.970758620689655,0.986236933797909,0.992792792792793,0.93980343980344,1,1,0.995695302264645,0.993674089068826,0.967797584818861,1,1,0.996838171888474,1,1,1,0.985185185185185,1,0.99789283564118,1,0.999364964165835,0.972711267605634,1,0.988745482705214,1,1,0.936188811188811,0.969798657718121,1,0.984172661870504,0.998121972916873,1,1,1,0.993963782696177,0.971383879278616,0.982373678025852,1,1,1,0.998322147651007,0.987012987012987,1,1,0.983876980428705,1,1,0.96570728720147,0.994152046783626,0.98141447368421,0.98160469667319,1,1,0.987350427350427,1,0.989120151371807,0.964047442550037,0.977355325691921,1,1,1,0.991267605633803,1,0.996503496503496,1,1,1,0.987210231814548,1,1,0.966758241758242,1,1,0.95689287238583,0.997161778618732,1,1,0.999823383963264,1,1,0.987350427350427,0.990987535953979,1,0.999093052784328,0.986926980304464,0.970580123195734,1,1,1,1,0.979416502595311,1,0.967147435897436,1,1,0.987891737891738,1,0.990454246214615,1,0.993506493506493
"hsa00780.xml-1",NA,NA,NA,NA,NA,NA,NA,NA,NA,NA,NA,NA,NA,NA,NA,NA,NA,NA,NA,NA,NA,NA,NA,NA,NA,NA,NA,NA,NA,NA,NA,NA,NA,NA,NA,NA,NA,NA,NA,NA,NA,NA,NA,NA,NA,NA,NA,NA,NA,NA,NA,NA,NA,NA,NA,NA,NA,NA,NA,NA,NA,NA,NA,NA,NA,NA,NA,NA,NA,NA,NA,NA,NA,NA,NA,NA,NA,NA,NA,NA,NA,NA,NA,NA,NA,NA,NA,NA,NA,NA,NA,NA,NA,NA,NA,NA,NA,NA,NA,NA
"hsa00785.xml-1",NA,NA,NA,NA,NA,NA,NA,NA,NA,NA,NA,NA,NA,NA,NA,NA,NA,NA,NA,NA,NA,NA,NA,NA,NA,NA,NA,NA,NA,NA,NA,NA,NA,NA,NA,NA,NA,NA,NA,NA,NA,NA,NA,NA,NA,NA,NA,NA,NA,NA,NA,NA,NA,NA,NA,NA,NA,NA,NA,NA,NA,NA,NA,NA,NA,NA,NA,NA,NA,NA,NA,NA,NA,NA,NA,NA,NA,NA,NA,NA,NA,NA,NA,NA,NA,NA,NA,NA,NA,NA,NA,NA,NA,NA,NA,NA,NA,NA,NA,NA
"hsa00790.xml-1",0.979708761040821,0.971428571428572,0.969656231995391,0.981220657276995,0.921513269339356,1,0.972390572390572,0.994565820117556,0.993674089068826,0.955772113943028,0.973404255319149,0.927272727272727,0.967633928571428,0.989224137931035,0.997826086956522,1,0.927457627118644,0.972457627118644,0.89639683624646,0.922480620155039,0.97781954887218,0.967447306791569,0.940711462450593,0.856941508104299,0.959395559210526,1,0.936188811188811,0.944055944055944,0.969298245614035,0.987012987012987,0.9945,1,0.967515364354697,0.970108695652174,0.982626262626263,0.95558639833449,0.982373678025852,0.971096572600332,0.968978102189781,0.999172185430464,0.933238636363636,0.987012987012987,0.933141542002301,0.987715862560085,0.944444444444444,1,0.962543554006969,0.943813418143268,0.970445344129555,0.844206426484908,0.98160469667319,0.966315789473684,1,0.98320292123109,0.949370503597122,0.974941875484371,0.970319634703196,0.977355325691921,0.971590909090909,0.997105923210496,0.944444444444444,0.980092638218193,0.922143579373104,0.945273631840796,0.978214539426948,0.963129496402878,0.960389610389611,0.995090016366612,1,0.980769230769231,0.966758241758242,1,1,0.960072185878637,0.960945529290853,0.96469104665826,0.963031914893617,0.933290071382219,1,0.965661103979461,0.987350427350427,0.961818961818962,0.968944099378882,0.96469104665826,0.904639175257732,0.970580123195734,0.96119733924612,1,0.970360237118103,0.986259541984733,0.964179104477612,0.874680306905371,0.907627118644068,1,0.980645161290323,0.968477531857813,1,0.972065348931021,0.982222222222222,0.993407252022775
"hsa00790.xml-2",0.979708761040821,0.968720468720469,0.986236933797909,0.981220657276995,0.921513269339356,1,0.972390572390572,0.995695302264645,0.993674089068826,0.955772113943028,0.962587031289321,0.927272727272727,0.991258741258741,0.982993197278912,1,1,0.947214076246334,0.99498933901919,0.89639683624646,0.941538461538462,0.97781954887218,0.967447306791569,0.940711462450593,0.935606060606061,0.959395559210526,1,0.936188811188811,0.944055944055944,0.977982954545455,0.962460425146992,0.998121972916873,1,0.967515364354697,0.970108695652174,0.982626262626263,0.95558639833449,0.982373678025852,0.95937840785169,0.973862405200433,0.999172185430464,0.933238636363636,0.987012987012987,0.954325955734406,0.987715862560085,0.976047183437651,1,0.969656231995391,0.96570728720147,0.974950560316414,0.923048510219158,0.98160469667319,0.99010989010989,0.998260113092649,0.98320292123109,0.949370503597122,0.974941875484371,0.961508248232522,0.977355325691921,0.971590909090909,0.997105923210496,0.954710144927536,0.970890410958904,0.922143579373104,0.945273631840796,0.991253644314869,0.963129496402878,0.976410256410256,0.963497267759563,1,0.993415637860082,0.966758241758242,1,1,0.942973037461227,0.960945529290853,1,0.963031914893617,0.948837209302326,0.983696900114811,0.967633928571429,0.968269230769231,0.96222498962225,0.980151228733459,0.96469104665826,0.923100521525719,0.950120192307692,0.978260869565217,1,0.970360237118103,0.985988583290088,0.979416502595311,0.915306915306915,0.907627118644068,1,0.980645161290323,0.968477531857813,0.990572467060427,0.972686602307511,0.982222222222222,0.993407252022775
"hsa00830.xml-1",0.174913693901036,0.217329545454545,0.235384615384615,0.234567901234568,0.213986013986014,0.221739130434783,0.150793650793651,0.258503401360544,0.14010989010989,0.161904761904762,0.219827586206897,0.277173913043478,0.235023041474654,0.182142857142857,0.263793103448276,0.14100185528757,0.2,0.1875,0.142857142857143,0.213986013986014,0.217329545454545,0.196153846153846,0.310344827586207,0.177156177156177,0.168131868131868,0.159663865546219,0.167763157894737,0.287593984962406,0.28125,0.226865671641791,0.253731343283582,0.207598371777476,0.151243781094527,0.283858998144712,0.225185185185185,0.173863636363636,0.166666666666667,0.228358208955224,0.190298507462687,0.235384615384615,0.151785714285714,0.149019607843137,0.195902688860435,0.194871794871795,0.224340175953079,0.217329545454545,0.160714285714286,0.164502164502164,0.220779220779221,0.198701298701299,0.146153846153846,0.242857142857143,0.20958904109589,0.183574879227053,0.151785714285714,0.223684210526316,0.147683397683398,0.186274509803922,0.289772727272727,0.237871674491393,0.158385093167702,0.154545454545455,0.160676532769556,0.157349896480331,0.196153846153846,0.198701298701299,0.225,0.166666666666667,0.183574879227053,0.156122448979592,0.1275,0.223684210526316,0.162393162393162,0.178403755868545,0.228017883755589,0.273214285714286,0.195902688860435,0.161904761904762,0.210743801652893,0.132467532467532,0.215909090909091,0.148727984344423,0.283333333333333,0.400313971742543,0.245192307692308,0.172297297297297,0.26984126984127,0.213986013986014,0.186274509803922,0.133333333333333,0.144761904761905,0.139705882352941,0.283333333333333,0.191919191919192,0.205405405405405,0.187654320987654,0.246376811594203,0.205645161290323,0.28544776119403,0.346153846153846
"hsa00860.xml-1",0.174913693901036,0.434659090909091,0.505228398458998,0.455772113943028,0.242088607594937,0.294230769230769,0.150793650793651,0.330434782608696,0.14010989010989,0.161904761904762,0.267482517482518,0.472222222222222,0.235023041474654,0.281941031941032,0.263793103448276,0.14100185528757,0.308316430020284,0.276506024096386,0.182795698924731,0.344788732394366,0.437142857142857,0.196153846153846,0.322784810126582,0.177156177156177,0.168131868131868,0.159663865546219,0.280905752753978,0.287593984962406,0.298051948051948,0.316666666666667,0.280091533180778,0.207598371777476,0.151243781094527,0.492753623188406,0.385542168674699,0.173863636363636,0.166666666666667,0.34,0.22972972972973,0.255,0.151785714285714,0.215450035435861,0.322784810126582,0.194871794871795,0.309716599190283,0.287593984962406,0.160714285714286,0.241269841269841,0.39070480081716,0.198701298701299,0.146153846153846,0.299412915851272,0.20958904109589,0.244176706827309,0.356643356643357,0.353961827646038,0.28021978021978,0.247154471544715,0.295366795366795,0.245161290322581,0.158385093167702,0.154545454545455,0.232950191570881,0.157349896480331,0.271276595744681,0.232876712328767,0.28021978021978,0.268077601410935,0.183574879227053,0.283333333333333,0.1275,0.345567476002259,0.162393162393162,0.178403755868545,0.263339070567986,0.276672694394213,0.332608695652174,0.161904761904762,0.26984126984127,0.132467532467532,0.28952380952381,0.148727984344423,0.283333333333333,0.51,0.326226012793177,0.242088607594937,0.443478260869565,0.287593984962406,0.335294117647059,0.133333333333333,0.144761904761905,0.139705882352941,0.307228915662651,0.232950191570881,0.205405405405405,0.267605633802817,0.246376811594203,0.498913043478261,0.298051948051948,0.404494382022472
"hsa00860.xml-2",0.979708761040821,0.968720468720469,0.969656231995391,0.981220657276995,0.921513269339356,1,0.972390572390572,0.994565820117556,0.993674089068826,0.955772113943028,0.959677419354839,0.927272727272727,0.991258741258741,0.982993197278912,1,1,0.939784946236559,0.99498933901919,0.89639683624646,0.922480620155039,0.97781954887218,0.967447306791569,0.940711462450593,0.935606060606061,0.959395559210526,1,0.936188811188811,0.944055944055944,0.977982954545455,0.962460425146992,0.998121972916873,1,0.967515364354697,0.970108695652174,0.982626262626263,0.95558639833449,0.982373678025852,0.95937840785169,0.968978102189781,0.999172185430464,0.933238636363636,0.983874630933454,0.954325955734406,0.987715862560085,0.946569178852643,1,0.942360728075014,0.96570728720147,0.99170339642209,0.923048510219158,0.98160469667319,0.99010989010989,1,0.98320292123109,0.949370503597122,0.974941875484371,0.957973626790627,0.977355325691921,0.971590909090909,0.997105923210496,0.954710144927536,0.970890410958904,0.927536231884058,0.969275362318841,0.985683607730852,0.957509881422925,0.960389610389611,0.963497267759563,1,0.989518287243533,0.966758241758242,1,1,0.92636815920398,0.960945529290853,1,0.955503512880562,0.933290071382219,0.983696900114811,0.965661103979461,0.966814159292036,0.961818961818962,0.980151228733459,0.974219599316664,0.921275646743979,0.967720828789531,0.96119733924612,1,0.970360237118103,0.985988583290088,0.964179104477612,0.915306915306915,0.95254133496632,1,0.980645161290323,0.968477531857813,0.998412698412698,0.972065348931021,0.982222222222222,0.993407252022775
"hsa00860.xml-3",1,0.968720468720469,1,0.992792792792793,0.93980343980344,1,1,1,0.993674089068826,0.993846153846154,1,0.988814317673378,0.996838171888474,1,1,1,0.998498498498498,1,0.99789283564118,1,0.999364964165835,0.992199248120301,1,0.988745482705214,0.989224137931035,1,0.953991497401984,0.969798657718121,1,1,0.998121972916873,1,1,1,1,0.999364964165835,0.982373678025852,0.97236805747444,1,0.999172185430464,0.971223021582734,0.987012987012987,0.976901408450704,1,0.999735099337748,1,1,0.985878489326765,0.994152046783626,0.968146718146718,0.98160469667319,1,1,0.987350427350427,1,0.974941875484371,0.964047442550037,0.977355325691921,1,1,1,0.970890410958904,1,1,1,0.989792984473836,1,0.998647342995169,1,1,0.993674089068826,1,1,1,0.997161778618732,1,0.983876980428705,0.999823383963264,1,1,0.987350427350427,0.990987535953979,1,1,0.986926980304464,0.970580123195734,0.989120151371807,1,1,0.998889300259163,0.979416502595311,1,0.967241379310345,1,1,1,1,0.993674089068826,0.997056968677738,1
"hsa00900.xml-1",0.936825885978428,0.968720468720469,0.969656231995391,0.981220657276995,0.921513269339356,0.876643073811931,0.95,0.994565820117556,0.845490716180371,0.955772113943028,0.74512987012987,0.902397260273973,0.967633928571428,0.982993197278912,0.97787610619469,1,0.939784946236559,0.972457627118644,0.839506172839506,0.800348735832607,0.754934210526316,0.967447306791569,0.904433497536946,0.760760760760761,0.931412337662338,1,0.936188811188811,0.886166184005347,0.969298245614035,0.780821917808219,0.987432065217391,0.983060747663551,0.967515364354697,0.93,0.982626262626263,0.95558639833449,0.85972850678733,0.95937840785169,0.927272727272727,0.945741758241758,0.933238636363636,0.965079365079365,0.898238747553816,0.947293447293447,0.943548387096774,1,0.932926829268293,0.900740740740741,0.906666666666667,0.887362637362637,0.869565217391304,0.893865628042843,0.939537080774681,0.760845383759733,0.949370503597122,0.862781954887218,0.944444444444444,0.939027665860865,0.967479674796748,0.915268817204301,0.784981343283582,0.970890410958904,0.922143579373104,0.942332436542286,0.898238747553816,0.957509881422925,0.955025608194622,0.777272727272727,1,0.896011396011396,0.966758241758242,1,1,0.844444444444445,0.960869565217391,0.957746478873239,0.796875,0.933290071382219,0.878921785240831,0.868681318681319,0.952177234530176,0.767676767676768,0.944444444444445,0.96469104665826,0.898373983739837,0.924635620334163,0.855519480519481,0.95625,0.970360237118103,0.835820895522388,0.964179104477612,0.568376068376068,0.82875,1,0.980645161290323,0.968477531857813,0.837121212121212,0.895945945945946,0.974005305039788,0.993407252022775
"hsa00900.xml-2",0.271186440677966,0.780612244897959,0.684053651266766,0.599713055954089,0.689189189189189,0.52987012987013,0.603174603174603,0.750617283950617,0.731707317073171,0.871794871794872,0.635164835164835,0.628767123287671,0.575187969924812,0.485714285714286,0.542168674698795,0.400263331138907,0.686111111111111,0.575187969924812,0.516717325227963,0.544096728307255,0.437142857142857,0.470286885245902,0.516697936210131,0.421344421344421,0.532173913043478,0.806060606060606,0.765,0.607142857142857,0.68,0.48073605520414,0.715324675324675,0.546428571428571,0.706976744186047,0.724182444061962,0.319327731092437,0.3825,0.695652173913043,0.685714285714286,0.470769230769231,0.466666666666667,0.612700228832952,0.537966537966538,0.643758765778401,0.738888888888889,0.441346153846154,0.740203193033382,0.538461538461538,0.687782805429864,0.554347826086956,0.402631578947368,0.617886178861789,0.575187969924812,0.840659340659341,0.392258064516129,0.607142857142857,0.862781954887218,0.631756756756757,0.499178981937603,0.596103896103896,0.647727272727273,0.392307692307692,0.782608695652174,0.760845383759733,0.523415977961433,0.615871190339276,0.695454545454545,0.516891891891892,0.255892255892256,0.646808510638298,0.548387096774194,0.65891472868217,0.603550295857988,0.723809523809524,0.539007092198581,0.694271128757799,0.646934460887949,0.462701612903226,0.402366863905325,0.53125,0.7409200968523,0.571428571428571,0.600790513833992,0.3825,0.51,0.654545454545455,0.615384615384615,0.392307692307692,0.593680709534368,0.638655462184874,0.566459627329193,0.357226792009401,0.415868673050616,0.314814814814815,0.48,0.578260869565217,0.844444444444444,0.566666666666667,0.522898154477102,0.53014553014553,0.439655172413793
"hsa00900.xml-3",0.882142857142857,0.968720468720469,0.969656231995391,0.981220657276995,0.921513269339356,0.95625,0.972390572390572,0.936825885978429,0.993674089068826,0.927272727272727,0.959677419354839,0.927272727272727,0.81304347826087,0.982993197278912,0.95625,1,0.851628968665698,0.95625,0.821634062140391,0.907954545454545,0.97781954887218,0.967447306791569,0.940711462450593,0.760760760760761,0.931412337662338,1,0.936188811188811,0.923696126111018,0.915071770334928,0.875,0.907176446534451,0.983060747663551,0.967515364354697,0.970108695652174,0.967592592592593,0.95558639833449,0.882142857142857,0.946196660482375,0.968978102189781,0.951108870967742,0.795566502463054,0.965079365079365,0.815068493150685,0.850746268656716,0.944444444444444,1,0.932926829268293,0.77079107505071,0.906666666666667,0.844206426484908,0.787193973634652,0.886100386100386,0.941538461538462,0.898550724637681,0.949370503597122,0.974941875484371,0.957973626790627,0.899775464380486,0.967479674796748,0.977796223282839,0.819810165339865,0.970890410958904,0.922143579373104,0.763052208835341,0.965576592082616,0.957509881422925,0.960389610389611,0.960695239976299,1,0.980769230769231,0.902930402930403,1,0.94901144640999,0.881869460112812,0.960869565217391,0.939572586588062,0.875415282392027,0.930214115781126,0.94464551841601,0.87288286682118,0.745098039215686,0.961818961818962,0.921836834391793,0.96469104665826,0.898373983739837,0.924635620334163,0.96119733924612,1,0.970360237118103,0.835820895522388,0.886977886977887,0.742429176164116,0.662337662337662,1,0.942818375654197,0.825614636935392,0.918,0.972065348931021,0.960090361445783,0.993407252022775
"hsa00910.xml-1",0.482539682539682,0.310135135135135,0.68,0.553846153846154,0.455938697318008,0.523076923076923,0.205962059620596,0.417582417582418,0.3984375,0.287323943661972,0.37371763556424,0.549043062200957,0.235023041474654,0.28544776119403,0.419407894736842,0.400263331138907,0.534136546184739,0.356643356643357,0.142857142857143,0.329032258064516,0.463636363636364,0.31875,0.363247863247863,0.285071267816954,0.289772727272727,0.356472795497186,0.470769230769231,0.387341772151899,0.298051948051948,0.334617501375894,0.5,0.458541458541459,0.202666666666667,0.706153846153846,0.419310344827586,0.303571428571429,0.235294117647059,0.413961038961039,0.303571428571429,0.255,0.576923076923077,0.149019607843137,0.434659090909091,0.492592592592593,0.441346153846154,0.359154929577465,0.416083916083916,0.311901504787962,0.554347826086956,0.217329545454545,0.308943089430894,0.306818181818182,0.708333333333333,0.271428571428571,0.341772151898734,0.485200845665962,0.612612612612613,0.343308865047996,0.475155279503106,0.245161290322581,0.258445945945946,0.439655172413793,0.276363636363636,0.208504801097394,0.3825,0.455357142857143,0.309403437815976,0.422222222222222,0.330434782608696,0.242857142857143,0.254434589800443,0.313738892686261,0.506666666666667,0.283935242839352,0.521929824561403,0.447368421052632,0.34,0.322444678609062,0.380124223602484,0.209876543209877,0.28952380952381,0.285,0.413194444444444,0.400313971742543,0.37847866419295,0.287593984962406,0.28125,0.375,0.463414634146341,0.272238805970149,0.265734265734266,0.191919191919192,0.284210526315789,0.334617501375894,0.354312354312354,0.439518072289157,0.246376811594203,0.45159386068477,0.298051948051948,0.422068965517241
"hsa00920.xml-1",0.979708761040821,0.968720468720469,0.986236933797909,0.981220657276995,0.921513269339356,0.973395026026605,0.972390572390572,0.995695302264645,0.993674089068826,0.955772113943028,0.959677419354839,0.927272727272727,0.987096774193548,0.982993197278912,1,1,0.985185185185185,0.972457627118644,0.89639683624646,0.907954545454545,0.97781954887218,0.967447306791569,0.940711462450593,0.88899950223992,0.97236805747444,1,0.936188811188811,0.923696126111018,0.969298245614035,0.977012746486545,0.998121972916873,0.988041138483616,0.967515364354697,0.970108695652174,0.982626262626263,0.961094224924012,0.982373678025852,0.95937840785169,0.968978102189781,0.999172185430464,0.933238636363636,0.987012987012987,0.954325955734406,1,0.944444444444444,1,0.980357142857143,0.96570728720147,0.974950560316414,0.923048510219158,0.98160469667319,0.966315789473684,0.939537080774681,0.961720974375198,0.949370503597122,0.974941875484371,0.957973626790627,0.977355325691921,0.971590909090909,0.997105923210496,0.8364,0.991267605633803,0.922143579373104,0.945273631840796,0.944444444444444,0.957509881422925,0.960389610389611,0.963497267759563,1,0.980769230769231,0.966758241758242,1,1,0.949450549450549,0.960945529290853,0.957746478873239,0.796875,0.948837209302326,0.983696900114811,0.969290239450231,0.954656862745098,0.961818961818962,0.968944099378882,0.974219599316664,0.921275646743979,0.967720828789531,0.96119733924612,1,0.970360237118103,0.985988583290088,0.964179104477612,0.69361147327249,0.907627118644068,1,0.980645161290323,0.968477531857813,0.969196373121351,0.972065348931021,0.982222222222222,0.993407252022775
"hsa00980.xml-1",0.174913693901036,0.217329545454545,0.235384615384615,0.234567901234568,0.213986013986014,0.221739130434783,0.150793650793651,0.258503401360544,0.14010989010989,0.161904761904762,0.219827586206897,0.277173913043478,0.235023041474654,0.182142857142857,0.263793103448276,0.14100185528757,0.2,0.1875,0.142857142857143,0.213986013986014,0.217329545454545,0.196153846153846,0.310344827586207,0.177156177156177,0.168131868131868,0.159663865546219,0.167763157894737,0.287593984962406,0.28125,0.226865671641791,0.253731343283582,0.207598371777476,0.151243781094527,0.283858998144712,0.225185185185185,0.173863636363636,0.166666666666667,0.228358208955224,0.190298507462687,0.235384615384615,0.151785714285714,0.149019607843137,0.195902688860435,0.194871794871795,0.224340175953079,0.217329545454545,0.160714285714286,0.164502164502164,0.220779220779221,0.198701298701299,0.146153846153846,0.242857142857143,0.20958904109589,0.183574879227053,0.151785714285714,0.223684210526316,0.147683397683398,0.186274509803922,0.289772727272727,0.237871674491393,0.158385093167702,0.154545454545455,0.160676532769556,0.157349896480331,0.196153846153846,0.198701298701299,0.225,0.166666666666667,0.183574879227053,0.156122448979592,0.1275,0.223684210526316,0.162393162393162,0.178403755868545,0.228017883755589,0.273214285714286,0.195902688860435,0.161904761904762,0.210743801652893,0.132467532467532,0.215909090909091,0.148727984344423,0.283333333333333,0.400313971742543,0.245192307692308,0.172297297297297,0.26984126984127,0.213986013986014,0.186274509803922,0.133333333333333,0.144761904761905,0.139705882352941,0.283333333333333,0.191919191919192,0.205405405405405,0.187654320987654,0.246376811594203,0.205645161290323,0.28544776119403,0.346153846153846
"hsa00982.xml-1",0.174913693901036,0.217329545454545,0.235384615384615,0.234567901234568,0.213986013986014,0.221739130434783,0.150793650793651,0.258503401360544,0.14010989010989,0.161904761904762,0.219827586206897,0.277173913043478,0.235023041474654,0.182142857142857,0.263793103448276,0.14100185528757,0.2,0.1875,0.142857142857143,0.213986013986014,0.217329545454545,0.196153846153846,0.310344827586207,0.177156177156177,0.168131868131868,0.159663865546219,0.167763157894737,0.287593984962406,0.28125,0.226865671641791,0.253731343283582,0.207598371777476,0.151243781094527,0.283858998144712,0.225185185185185,0.173863636363636,0.166666666666667,0.228358208955224,0.190298507462687,0.235384615384615,0.151785714285714,0.149019607843137,0.195902688860435,0.194871794871795,0.224340175953079,0.217329545454545,0.160714285714286,0.164502164502164,0.220779220779221,0.198701298701299,0.146153846153846,0.242857142857143,0.20958904109589,0.183574879227053,0.151785714285714,0.223684210526316,0.147683397683398,0.186274509803922,0.289772727272727,0.237871674491393,0.158385093167702,0.154545454545455,0.160676532769556,0.157349896480331,0.196153846153846,0.198701298701299,0.225,0.166666666666667,0.183574879227053,0.156122448979592,0.1275,0.223684210526316,0.162393162393162,0.178403755868545,0.228017883755589,0.273214285714286,0.195902688860435,0.161904761904762,0.210743801652893,0.132467532467532,0.215909090909091,0.148727984344423,0.283333333333333,0.400313971742543,0.245192307692308,0.172297297297297,0.26984126984127,0.213986013986014,0.186274509803922,0.133333333333333,0.144761904761905,0.139705882352941,0.283333333333333,0.191919191919192,0.205405405405405,0.187654320987654,0.246376811594203,0.205645161290323,0.28544776119403,0.346153846153846
"hsa00982.xml-2",0.174913693901036,0.217329545454545,0.296511627906977,0.38,0.213986013986014,0.221739130434783,0.150793650793651,0.258503401360544,0.14010989010989,0.161904761904762,0.219827586206897,0.310344827586207,0.235023041474654,0.182142857142857,0.263793103448276,0.14100185528757,0.2,0.1875,0.142857142857143,0.213986013986014,0.217329545454545,0.261538461538462,0.310344827586207,0.177156177156177,0.168131868131868,0.159663865546219,0.167763157894737,0.287593984962406,0.298051948051948,0.226865671641791,0.274193548387097,0.273703041144902,0.151243781094527,0.283858998144712,0.225185185185185,0.173863636363636,0.166666666666667,0.309090909090909,0.190298507462687,0.255,0.151785714285714,0.149019607843137,0.195902688860435,0.272401433691756,0.224340175953079,0.217329545454545,0.160714285714286,0.164502164502164,0.220779220779221,0.198701298701299,0.146153846153846,0.242857142857143,0.366028708133971,0.183574879227053,0.151785714285714,0.343820224719101,0.147683397683398,0.186274509803922,0.290506329113924,0.237871674491393,0.158385093167702,0.154545454545455,0.160676532769556,0.157349896480331,0.196153846153846,0.198701298701299,0.225,0.166666666666667,0.183574879227053,0.156122448979592,0.1275,0.223684210526316,0.162393162393162,0.178403755868545,0.228017883755589,0.273214285714286,0.271276595744681,0.161904761904762,0.210743801652893,0.132467532467532,0.215909090909091,0.148727984344423,0.283333333333333,0.400313971742543,0.326226012793177,0.172297297297297,0.279452054794521,0.213986013986014,0.186274509803922,0.133333333333333,0.144761904761905,0.139705882352941,0.283333333333333,0.191919191919192,0.27536231884058,0.187654320987654,0.246376811594203,0.205645161290323,0.294230769230769,0.346153846153846
"hsa00983.xml-1",0.174913693901036,0.217329545454545,0.235384615384615,0.337028824833703,0.213986013986014,0.221739130434783,0.150793650793651,0.299802761341223,0.14010989010989,0.161904761904762,0.219827586206897,0.310344827586207,0.235023041474654,0.182142857142857,0.263793103448276,0.14100185528757,0.2,0.1875,0.142857142857143,0.213986013986014,0.217329545454545,0.196153846153846,0.310344827586207,0.177156177156177,0.168131868131868,0.159663865546219,0.167763157894737,0.287593984962406,0.28125,0.226865671641791,0.253731343283582,0.207598371777476,0.151243781094527,0.368378812199037,0.225185185185185,0.173863636363636,0.166666666666667,0.228358208955224,0.190298507462687,0.235384615384615,0.151785714285714,0.149019607843137,0.195902688860435,0.194871794871795,0.224340175953079,0.217329545454545,0.160714285714286,0.164502164502164,0.220779220779221,0.198701298701299,0.146153846153846,0.242857142857143,0.20958904109589,0.183574879227053,0.151785714285714,0.223684210526316,0.147683397683398,0.186274509803922,0.290506329113924,0.237871674491393,0.158385093167702,0.154545454545455,0.160676532769556,0.157349896480331,0.196153846153846,0.198701298701299,0.225,0.166666666666667,0.183574879227053,0.156122448979592,0.1275,0.223684210526316,0.162393162393162,0.178403755868545,0.228017883755589,0.273214285714286,0.195902688860435,0.161904761904762,0.210743801652893,0.132467532467532,0.215909090909091,0.148727984344423,0.283333333333333,0.400313971742543,0.245192307692308,0.172297297297297,0.279452054794521,0.213986013986014,0.186274509803922,0.133333333333333,0.144761904761905,0.139705882352941,0.283333333333333,0.232950191570881,0.205405405405405,0.187654320987654,0.246376811594203,0.205645161290323,0.294230769230769,0.346153846153846
"hsa00983.xml-2",0.367149758454106,0.298245614035088,0.308467741935484,0.38,0.26984126984127,0.294230769230769,0.244766505636071,0.330434782608696,0.316770186335404,0.255,0.364285714285714,0.310344827586207,0.235023041474654,0.246774193548387,0.263793103448276,0.400263331138907,0.32,0.276506024096386,0.182795698924731,0.272727272727273,0.36,0.267482517482518,0.310344827586207,0.226190476190476,0.289772727272727,0.354312354312354,0.289772727272727,0.287593984962406,0.298051948051948,0.316666666666667,0.274193548387097,0.316770186335404,0.261768082663605,0.4,0.419310344827586,0.364285714285714,0.296875,0.34,0.244019138755981,0.255,0.26984126984127,0.267018006148441,0.335526315789474,0.359168241965974,0.309716599190283,0.31875,0.335526315789474,0.333333333333333,0.34,0.218571428571429,0.32,0.25,0.366028708133971,0.27536231884058,0.356643356643357,0.353961827646038,0.28021978021978,0.301587301587302,0.290506329113924,0.265734265734266,0.258445945945946,0.298245614035088,0.267920094007051,0.304,0.306,0.232876712328767,0.28021978021978,0.287878787878788,0.330434782608696,0.302371541501976,0.28021978021978,0.274193548387097,0.344671201814059,0.262068965517241,0.263339070567986,0.276672694394213,0.332608695652174,0.255,0.279878048780488,0.277173913043478,0.28952380952381,0.300395256916996,0.283333333333333,0.400313971742543,0.36,0.263793103448276,0.279452054794521,0.257575757575758,0.425770308123249,0.28842504743833,0.265734265734266,0.354312354312354,0.307228915662651,0.316666666666667,0.45037037037037,0.344671201814059,0.246376811594203,0.334975369458128,0.298051948051948,0.41871921182266
"hsa00983.xml-3",0.689002759164367,0.82258064516129,0.826388888888889,0.980645161290323,0.872368421052632,0.734090909090909,0.833855799373041,0.750617283950617,0.731707317073171,0.773508594539939,0.714,0.860625,0.731497418244406,0.782858970259034,0.81533827618165,0.833776595744681,0.774074074074074,0.774193548387097,0.467096336499322,0.815625,0.665826843792946,0.855944055944056,0.771752837326608,0.489795918367347,0.696811971372804,0.806060606060606,0.739130434782609,0.735576923076923,0.765,0.644355198572066,0.624125874125874,0.613636363636364,0.658008658008658,0.74512987012987,0.872678149273894,0.6,0.706285155294693,0.685714285714286,0.787813773868269,0.674603174603175,0.728571428571429,0.785265049415993,0.710471325748781,0.775166297117517,0.944444444444444,0.930526315789474,0.618181818181818,0.687782805429864,0.707865168539326,0.747169811320755,0.731139240506329,0.794805194805195,0.840659340659341,0.589147286821705,0.86734693877551,0.786896243291592,0.934065934065934,0.760845383759733,0.684473684210526,0.671637669152168,0.628152492668622,0.938207547169811,0.760845383759733,0.704355885078777,0.700481927710843,0.738157894736842,0.807235726399095,0.636316064887493,0.805783132530121,0.716475095785441,0.730769230769231,0.72626582278481,0.941176470588235,0.66682059570538,0.729657228017884,0.777966101694915,0.684257602862254,0.614457831325301,0.762820512820513,0.7409200968523,0.745098039215686,0.767676767676768,0.742063492063492,0.781550480769231,0.771428571428571,0.596103896103896,0.706153846153846,0.809095716552089,0.577319587628866,0.644796380090498,0.638655462184874,0.732665925101965,0.647727272727273,0.797081623347013,0.82411624376491,0.589770723104056,0.579545454545455,0.744888023369036,0.591964285714286,0.774291497975709
"hsa00983.xml-4",0.312328767123288,0.522407170294494,0.684053651266766,0.599713055954089,0.455938697318008,0.490384615384615,0.413525068013991,0.417582417582418,0.621951219512195,0.287323943661972,0.635164835164835,0.558904109589041,0.402631578947368,0.354782608695652,0.369565217391304,0.367149758454106,0.686111111111111,0.575187969924812,0.516717325227963,0.344788732394366,0.551682692307692,0.39906103286385,0.369208494208494,0.388604821037253,0.532173913043478,0.360873694207028,0.676093680954485,0.369565217391304,0.500125722906714,0.417582417582418,0.615131578947368,0.486597001363017,0.417254901960784,0.739130434782609,0.603174603174603,0.6,0.394463667820069,0.559210526315789,0.724260355029586,0.708333333333333,0.289772727272727,0.486486486486487,0.566666666666667,0.486511202560585,0.646198830409357,0.401785714285714,0.416083916083916,0.529281418170307,0.554347826086956,0.217329545454545,0.226358897989576,0.388571428571429,0.673637864611998,0.27536231884058,0.607142857142857,0.678793256433008,0.652916073968706,0.186274509803922,0.496395097332372,0.619718309859155,0.258445945945946,0.51277754503561,0.316008316008316,0.285,0.615871190339276,0.455357142857143,0.475155279503106,0.460606060606061,0.544802867383513,0.422068965517241,0.196405648267009,0.621951219512195,0.454700854700855,0.434285714285714,0.566666666666667,0.490384615384615,0.409821428571429,0.322444678609062,0.5,0.354823747680891,0.343308865047996,0.438461538461538,0.413194444444444,0.702264381884945,0.514718250630782,0.468427095292767,0.427972027972028,0.587206823027719,0.339538346984363,0.28842504743833,0.331010452961672,0.194871794871795,0.538149350649351,0.48,0.354312354312354,0.595441595441595,0.553618421052632,0.515151515151515,0.359154929577465,0.422068965517241
"hsa00983.xml-5",0.689002759164367,0.82258064516129,0.969656231995391,0.944632768361582,0.892838196286472,0.836065573770492,0.780578898225957,0.943493150684931,0.887515762925599,0.927272727272727,0.74512987012987,0.781609195402299,0.706371191135734,0.943667763157895,0.892024253731343,0.841846153846154,0.851628968665698,0.818181818181818,0.645872420262664,0.800348735832607,0.551682692307692,0.864406779661017,0.659838274932614,0.557651991614256,0.532173913043478,0.91239454899416,0.860625,0.923696126111018,0.969298245614035,0.779487179487179,0.715324675324675,0.983060747663551,0.745098039215686,0.81,0.982626262626263,0.827798507462687,0.807326007326007,0.594405594405594,0.778421052631579,0.770957398076042,0.797913950456323,0.965079365079365,0.756593406593407,0.791666666666667,0.73469387755102,0.710526315789474,0.778405879027699,0.771014492753623,0.86328125,0.835456862031307,0.868571428571429,0.885856079404467,0.939537080774681,0.658008658008658,0.819642857142857,0.826878039992794,0.950022716946842,0.760845383759733,0.835235732009926,0.83125,0.650717703349282,0.944444444444444,0.85655737704918,0.88030888030888,0.861751152073733,0.84375,0.686868686868687,0.605392156862745,0.752009894867038,0.548387096774194,0.966758241758242,0.794805194805195,1,0.648648648648649,0.73301393728223,0.844970414201183,0.796875,0.796875,0.735576923076923,0.87288286682118,0.875576036866359,0.853623188405797,0.612,0.952479767586636,0.596103896103896,0.7409200968523,0.588461538461538,0.692307692307692,0.788018433179724,0.603174603174603,0.7125,0.742429176164116,0.827922077922078,0.902583854918954,0.860992039191672,0.95959595959596,0.886956521739131,0.710526315789474,0.960090361445783,0.787307032590051
"hsa01040.xml-1",0.979708761040821,0.968720468720469,0.969656231995391,0.981220657276995,0.93508956796628,1,0.972390572390572,0.994565820117556,0.993674089068826,0.955772113943028,0.959677419354839,0.979591836734694,0.967633928571428,1,1,1,0.915437561455261,0.981488269794721,0.89639683624646,0.941538461538462,0.97781954887218,0.967447306791569,0.948214285714286,0.988745482705214,0.962814645308925,1,0.936188811188811,0.944055944055944,0.977982954545455,0.962460425146992,0.9945,1,0.967515364354697,0.970108695652174,1,0.95558639833449,0.982373678025852,0.97236805747444,0.968978102189781,0.999172185430464,0.998322147651007,0.987012987012987,0.954325955734406,0.987715862560085,0.983876980428705,1,0.981762917933131,0.96570728720147,0.994152046783626,0.94511760513186,1,1,1,0.987350427350427,0.962937062937063,0.989120151371807,0.961508248232522,0.977355325691921,0.971590909090909,0.997105923210496,0.997448979591837,0.970890410958904,0.945273631840796,0.945273631840796,0.991253644314869,0.963129496402878,0.960389610389611,0.963497267759563,1,0.993415637860082,0.966758241758242,1,1,0.949450549450549,0.960945529290853,0.957746478873239,0.963031914893617,0.992585727525487,0.983696900114811,0.965661103979461,0.987350427350427,0.976882494004796,0.971428571428571,0.974219599316664,0.929178734934131,0.948475609756097,0.978260869565217,1,0.970360237118103,0.998889300259163,0.979416502595311,0.975346166835529,0.964539007092198,1,1,0.968477531857813,1,0.972728793709219,0.982222222222222,0.993407252022775
